75.02007412910461
60.800413846969604
35.247642993927
43.48701739311218
46.97081995010376
58.91935110092163
59.982726097106934
61.385799169540405
62.3974347114563
6.800031661987305
5.6020002365112305
3.2019996643066406
4.268999338150024
3.5729992389678955
8.165999412536621
2.852001667022705
2.878007411956787
4.271000862121582
6.942667484283447
5.639999866485596
3.233001470565796
4.311999797821045
3.604613780975342
8.208887815475464
2.8170011043548584
2.6809988021850586
4.227002143859863
2.8949973583221436
2.8759994506835938
2.876002550125122
2.9340007305145264
2.892000198364258
2.496000289916992
2.876999855041504
6.029000520706177
3.247002124786377
3.9286749362945557
3.262911796569824
3.6139237880706787
2.8889200687408447
2.8909356594085693
2.5109312534332275
4.286920070648193
3.589930295944214
2.8829197883605957
2.8789405822753906
2.8807778358459473
3.243911027908325
3.954928398132324
2.8879761695861816
2.905949115753174
2.920936107635498
2.882922649383545
2.888890504837036
2.1769156455993652
3.963918447494507
2.540980100631714
4.808928728103638
3.597897529602051
2.500013828277588
2.857931137084961
5.910243988037109
3.940000295639038
2.150998830795288
2.508000135421753
4.320000410079956
3.2199997901916504
10.238997459411621
2.5280003547668457
2.5129992961883545
3.9420008659362793
4.351001024246216
3.595001220703125
2.8660006523132324
7.938999652862549
2.8750011920928955
12.587000370025635
4.302001476287842
6.631999969482422
2.5030014514923096
5.2230002880096436
2.8380002975463867
6.084998846054077
2.980999708175659
4.063001871109009
2.5689988136291504
2.5440003871917725
7.618999719619751
2.6550018787384033
4.035000324249268
3.309999704360962
2.5400004386901855
6.830522060394287
5.594002723693848
3.2329983711242676
4.223513841629028
3.5330004692077637
8.087999820709229
2.8209989070892334
2.857999563217163
4.235521078109741
2.905001163482666
2.8949973583221436
2.878999710083008
2.8480000495910645
2.84800124168396
2.4709994792938232
2.8480024337768555
5.902998447418213
3.1750006675720215
3.862999677658081
3.2010014057159424
3.545001268386841
2.8450028896331787
2.8429980278015137
2.475001335144043
4.22100043296814
3.549997329711914
2.840000629425049
2.85599946975708
2.8580000400543213
3.195998430252075
3.8960013389587402
2.8530001640319824
2.8650004863739014
2.8589999675750732
2.850006341934204
2.8460028171539307
2.1469995975494385
3.868999719619751
2.4710001945495605
4.7268970012664795
3.5330002307891846
2.4769997596740723
2.824998617172241
5.82900071144104
3.8650014400482178
2.1040005683898926
2.4800007343292236
4.215001821517944
3.187998056411743
10.130001306533813
2.4800009727478027
2.4760000705718994
3.9140000343322754
4.301999568939209
3.5890016555786133
2.829000234603882
7.8150153160095215
2.819999933242798
12.442695617675781
4.240998983383179
6.563000440597534
2.4779999256134033
5.098001003265381
2.8510000705718994
5.868001461029053
2.831000566482544
3.9132914543151855
2.4770009517669678
2.4690001010894775
7.401994943618774
2.4778573513031006
3.8879246711730957
3.219001054763794
2.489999771118164
6.728000640869141
5.5420005321502686
3.1690003871917725
4.299999952316284
3.548999786376953
7.773000955581665
2.6670098304748535
2.75000262260437
4.275000810623169
2.8740015029907227
2.8720009326934814
2.876997947692871
2.8749990463256836
2.874999523162842
2.4979968070983887
2.8840110301971436
6.019000291824341
3.2350003719329834
3.918002128601074
3.230999231338501
3.610997438430786
2.883000373840332
2.875002384185791
2.46199893951416
4.19800066947937
3.4599974155426025
2.673999547958374
2.6900007724761963
2.6680006980895996
2.998000383377075
3.6350009441375732
2.680999755859375
2.680001735687256
2.678999185562134
2.7080023288726807
2.7246341705322266
2.0260000228881836
3.6800003051757812
2.424999237060547
4.838001489639282
3.5549988746643066
2.4599997997283936
2.6509997844696045
5.52300238609314
3.964001417160034
2.156998872756958
2.487999677658081
4.28000020980835
3.2189996242523193
10.179832458496094
2.5030009746551514
2.4999990463256836
3.9520013332366943
4.324000835418701
3.615000009536743
2.867000102996826
7.880000829696655
2.8640010356903076
12.585015058517456
4.2799999713897705
6.586999893188477
2.472367763519287
4.813589334487915
2.711000442504883
5.9899983406066895
2.856001377105713
3.8330016136169434
2.3210015296936035
2.3460006713867188
7.40299916267395
2.4300010204315186
3.6339995861053467
2.977001428604126
2.3219988346099854
6.888002157211304
5.595952272415161
3.2240421772003174
4.293004751205444
3.6039979457855225
8.213000297546387
2.8790009021759033
2.898000717163086
4.324000597000122
2.8930001258850098
2.887000322341919
2.889000177383423
2.8804194927215576
2.8230013847351074
2.448000907897949
2.8209996223449707
5.916999816894531
3.181002378463745
3.8620009422302246
3.175001382827759
3.5219998359680176
2.8340022563934326
2.822000026702881
2.4470016956329346
4.187001466751099
3.531001329421997
2.845001220703125
2.816999673843384
2.8220009803771973
3.175001382827759
3.8500008583068848
2.8180007934570312
2.8250012397766113
2.8320000171661377
2.833000898361206
2.8360016345977783
2.128000497817993
3.854999303817749
2.4540016651153564
4.686001539230347
3.5040009021759033
2.460000991821289
2.813999652862549
5.808000802993774
3.868000030517578
2.108999729156494
2.476999282836914
4.210000038146973
3.1660032272338867
10.03600001335144
2.477001190185547
2.448000907897949
3.8660006523132324
4.252000331878662
3.5329997539520264
2.8090012073516846
7.737001180648804
2.800001621246338
12.284001350402832
4.209000110626221
6.498000144958496
2.4539990425109863
5.071999788284302
2.8080005645751953
5.841000080108643
2.7959980964660645
3.8469982147216797
2.476999282836914
2.4550018310546875
7.328999757766724
2.5155131816864014
4.0060014724731445
3.199505090713501
2.490999460220337
6.807217836380005
5.609009027481079
3.2130017280578613
4.2638702392578125
3.5749995708465576
8.163998365402222
2.8879992961883545
6.947000503540039
6.728002071380615
6.874001502990723
6.864025592803955
5.589998722076416
3.221001386642456
3.9820027351379395
4.308003187179565
5.202001094818115
2.8750009536743164
3.9919967651367188
2.854999542236328
3.281001567840576
3.648000955581665
3.9420008659362793
3.933000087738037
4.321999788284302
3.928002119064331
7.4419989585876465
3.929624557495117
4.289083242416382
2.501002550125122
2.8570003509521484
3.939002275466919
3.9290013313293457
7.504998683929443
3.5990006923675537
3.5810024738311768
3.9499998092651367
2.494767904281616
3.9440548419952393
4.333886623382568
4.99690580368042
4.281907081604004
3.9269297122955322
3.9354891777038574
3.5789999961853027
2.8610002994537354
3.2420003414154053
3.9620003700256348
7.150000095367432
3.9559998512268066
3.9029998779296875
3.5249972343444824
3.8615121841430664
2.1150031089782715
5.86199951171875
3.5269999504089355
7.402000427246094
3.851001024246216
8.842997550964355
3.8670010566711426
6.983000040054321
3.1550023555755615
4.199999809265137
6.236000299453735
3.8450002670288086
3.84900164604187
3.5189993381500244
3.5009994506835938
3.5140018463134766
6.5820019245147705
3.881997585296631
3.1720006465911865
3.5049996376037598
2.8030025959014893
7.315999984741211
7.326000452041626
7.348998069763184
7.3310017585754395
7.332001686096191
7.3389997482299805
2.800001621246338
2.805999755859375
7.334999322891235
2.806997537612915
7.373998165130615
7.427999496459961
2.843001127243042
2.8580000400543213
7.416997909545898
3.190999746322632
3.2029995918273926
3.216001272201538
3.213001012802124
3.2029998302459717
3.197998285293579
3.2079997062683105
3.1949996948242188
2.5179991722106934
2.4360015392303467
2.3730075359344482
0.6130030155181885
2.9860007762908936
2.431999444961548
0.6110026836395264
3.083998680114746
2.391000747680664
0.6049978733062744
3.0510010719299316
2.413999557495117
0.5959997177124023
3.056999444961548
2.4319968223571777
0.6220016479492188
2.4799997806549072
0.6140010356903076
0.6210017204284668
2.8899998664855957
0.7579989433288574
0.615999698638916
0.6160001754760742
0.7410004138946533
1.5280015468597412
0.6209995746612549
1.2410013675689697
0.7369985580444336
1.377000093460083
2.0980007648468018
1.474001407623291
1.1630003452301025
1.6970016956329346
1.2249999046325684
1.6180036067962646
0.7380027770996094
1.670999526977539
2.444999933242798
0.6459987163543701
0.625
2.719003915786743
0.7389976978302002
0.6340000629425049
0.735001802444458
0.7400021553039551
2.450000762939453
1.5129985809326172
0.7480010986328125
1.1150014400482178
1.373999834060669
1.4129972457885742
1.2489979267120361
1.2389986515045166
1.2599999904632568
1.6100010871887207
1.602001428604126
2.418002128601074
0.6149992942810059
0.6109998226165771
2.6549994945526123
0.7220005989074707
0.6139998435974121
0.7139997482299805
0.7209999561309814
2.4110004901885986
1.4670016765594482
0.7149996757507324
1.1020011901855469
1.3199992179870605
1.3550021648406982
1.2090015411376953
1.192000389099121
1.225998878479004
1.5809991359710693
1.5660011768341064
6.903000116348267
5.619999647140503
3.2130014896392822
3.9740006923675537
4.470000743865967
4.358999729156494
4.009999990463257
3.6599996089935303
4.336999893188477
3.185999631881714
7.203999996185303
3.69899845123291
3.9890003204345703
4.017820119857788
3.740001678466797
5.1439995765686035
4.8199989795684814
3.695000410079956
4.846000909805298
4.040000915527344
3.375999689102173
4.059001207351685
3.6900010108947754
2.665001153945923
3.0769994258880615
3.983999729156494
7.696000099182129
3.3429999351501465
5.4440014362335205
2.706000566482544
4.070000410079956
3.376002073287964
3.354001522064209
4.866002559661865
4.476001739501953
2.336000442504883
5.187999486923218
5.885000705718994
7.713000297546387
7.745998859405518
3.4099996089935303
3.81499981880188
8.178998708724976
7.789999723434448
5.196998834609985
5.195000410079956
4.315999746322632
2.843999147415161
5.577000141143799
4.602999925613403
7.141000986099243
9.25499963760376
2.3060011863708496
4.064999580383301
6.307999849319458
7.358998537063599
5.559999227523804
7.447000980377197
4.057001352310181
3.7189993858337402
4.110000848770142
3.722001075744629
3.713999032974243
5.926001310348511
4.052999973297119
3.685999631881714
3.682999849319458
5.568999528884888
4.392000198364258
3.6880016326904297
3.72300124168396
3.7280008792877197
3.7240023612976074
3.69000244140625
3.705000638961792
3.434997320175171
3.7659988403320312
5.261000156402588
3.7770020961761475
4.024997234344482
3.3850011825561523
4.055997610092163
3.332000494003296
3.684995174407959
3.705000162124634
3.692997455596924
3.6899983882904053
3.6569974422454834
3.712998151779175
3.7210004329681396
6.893999099731445
5.615001201629639
3.221000909805298
3.977999210357666
4.367000341415405
4.320000171661377
3.9770007133483887
3.6239986419677734
4.281001806259155
3.20399808883667
7.494001150131226
3.9230010509490967
4.270999193191528
4.299999475479126
3.9359993934631348
5.468000650405884
5.131000280380249
3.951000690460205
5.199000358581543
4.25600004196167
3.556999683380127
4.232000350952148
3.8520007133483887
2.845999240875244
3.200997829437256
4.2059996128082275
8.135001182556152
3.5170013904571533
5.773999214172363
2.8520002365112305
4.21899676322937
3.495999336242676
3.5249998569488525
5.11200213432312
4.7270002365112305
2.4690003395080566
5.488000154495239
6.345996856689453
8.087348937988281
7.652999639511108
3.3640010356903076
3.7909998893737793
8.049000263214111
7.766000747680664
5.183001279830933
5.230998277664185
4.089001178741455
2.9599995613098145
5.6990015506744385
4.537000417709351
7.111999988555908
9.49700140953064
2.5430004596710205
4.351999998092651
6.794000625610352
8.072001457214355
6.0139992237091064
7.6959991455078125
4.250001668930054
3.982002019882202
6.739000082015991
5.512000322341919
3.1989998817443848
3.9070000648498535
4.2940003871917725
4.228999614715576
3.8940000534057617
3.553999423980713
4.231002330780029
3.1670010089874268
7.3640429973602295
3.8670010566711426
4.222999811172485
4.221000909805298
3.8720004558563232
5.398999452590942
5.068000793457031
3.8679990768432617
5.111999988555908
4.2500011920928955
3.5429983139038086
4.274512052536011
3.895000457763672
2.8120007514953613
3.199000597000122
4.268999099731445
8.393001556396484
3.561000108718872
5.76000189781189
2.8289997577667236
4.172000885009766
3.5690011978149414
3.48700213432312
5.1529176235198975
4.688997983932495
2.441999912261963
5.510998487472534
6.347518682479858
8.213999032974243
8.162999868392944
3.569000482559204
3.9970014095306396
8.681066036224365
8.327000141143799
5.486839532852173
5.4188151359558105
4.271000146865845
2.8569998741149902
5.58003830909729
4.642577409744263
7.597903251647949
9.76982569694519
2.4699466228485107
4.2721757888793945
6.646000146865845
7.815000295639038
5.885999917984009
7.831000089645386
4.28600001335144
3.9079999923706055
4.278000116348267
3.928999900817871
3.9180002212524414
6.220999717712402
4.2769999504089355
3.9139997959136963
3.9539999961853027
5.786000728607178
4.573999881744385
3.819999933242798
3.8199996948242188
6.886546850204468
5.182000637054443
2.9520015716552734
3.7050020694732666
3.9810006618499756
4.279999256134033
3.9725282192230225
3.6205191612243652
4.35900092124939
3.266998291015625
7.395000457763672
3.872999906539917
4.232999801635742
4.233999490737915
3.891000509262085
5.434998512268066
5.099999904632568
3.9000003337860107
5.148001670837402
4.292001008987427
3.5710010528564453
4.2509989738464355
3.899000883102417
2.8290021419525146
3.2229998111724854
4.208998441696167
8.059002161026001
3.4879965782165527
5.690000057220459
2.80800199508667
4.163999319076538
3.462001085281372
3.4609973430633545
5.043000936508179
4.655002117156982
2.4250009059906006
5.423000335693359
6.147626876831055
8.057000160217285
8.015998125076294
3.4850027561187744
3.946000099182129
8.528998374938965
8.154999256134033
5.470677852630615
5.383903980255127
4.20891261100769
2.8229336738586426
5.491381883621216
4.577999591827393
7.488002300262451
9.710999965667725
2.4500014781951904
4.241998910903931
6.5869972705841064
7.7420008182525635
5.8580002784729
7.737998008728027
4.262001991271973
3.896998643875122
4.012000799179077
3.6840007305145264
3.634000062942505
5.783003330230713
3.963998556137085
3.6410000324249268
3.671001434326172
5.495002031326294
4.344000816345215
3.6871254444122314
3.8660004138946533
2.4030022621154785
0.6100001335144043
0.6140017509460449
2.671994209289551
0.7230019569396973
0.6039977073669434
0.7429995536804199
0.7310004234313965
2.414999485015869
1.440002679824829
0.7219991683959961
1.1080002784729004
1.3339974880218506
1.341998815536499
1.2250001430511475
0.28300046920776367
0.27700138092041016
2.6470015048980713
0.885000467300415
0.8740003108978271
0.8760011196136475
3.234002113342285
3.135704517364502
2.9770092964172363
2.4590084552764893
2.656001329421997
0.9360001087188721
0.9150021076202393
0.8709993362426758
3.363999128341675
3.369185447692871
3.1619439125061035
2.658970355987549
2.806999683380127
0.9339988231658936
0.931999683380127
0.9409976005554199
3.4119997024536133
3.353515625
3.166001558303833
2.6230111122131348
0.7859995365142822
2.8519983291625977
0.9340004920959473
0.9340002536773682
0.9420027732849121
3.5160012245178223
3.4650020599365234
3.286012887954712
2.629011869430542
0.7829976081848145
0.8000016212463379
1.1290018558502197
4.27901816368103
0.7769985198974609
0.7789983749389648
3.5280120372772217
3.6700005531311035
3.6640119552612305
3.663524627685547
4.601998805999756
4.446008682250977
4.420018911361694
3.4530014991760254
2.544999837875366
1.080080509185791
2.1210951805114746
2.8810176849365234
2.881028890609741
2.8973984718322754
2.2069997787475586
3.1900224685668945
3.2773597240448
3.3640027046203613
1.8279495239257812
0.7930004596710205
1.0838608741760254
0.7970037460327148
3.746912717819214
1.1410088539123535
0.7749979496002197
0.7770090103149414
2.735738515853882
0.9162619113922119
0.9240000247955322
0.9279961585998535
3.457517147064209
3.433551788330078
3.0779995918273926
2.6680023670196533
2.7300009727478027
0.742999792098999
1.6300101280212402
1.6370017528533936
1.429999828338623
1.3680014610290527
1.3839983940124512
1.684044599533081
1.8192920684814453
1.5619964599609375
1.238999605178833
1.4310290813446045
1.6130011081695557
1.6459996700286865
1.6169981956481934
1.611999750137329
1.636000394821167
1.6130003929138184
1.0639996528625488
1.061563491821289
0.7409980297088623
1.0680012702941895
0.6670005321502686
1.1480021476745605
0.670001745223999
0.7939996719360352
1.076000452041626
0.7429995536804199
3.384998321533203
0.7990009784698486
3.750016927719116
3.70158314704895
0.7429983615875244
3.7599973678588867
0.6679987907409668
1.0490009784698486
0.7750022411346436
0.752018928527832
1.047999620437622
0.7490005493164062
1.057999610900879
0.7939980030059814
1.0730006694793701
0.7440004348754883
1.0520098209381104
0.724001407623291
1.052516222000122
1.0679998397827148
0.752000093460083
3.74830961227417
0.6490001678466797
1.0470013618469238
0.7470018863677979
1.0600013732910156
0.6659996509552002
1.051011562347412
0.66499924659729
3.7610013484954834
0.6920018196105957
1.0360004901885986
0.7660002708435059
4.07400107383728
0.7729990482330322
4.165518760681152
1.4269990921020508
1.6360015869140625
1.5010015964508057
1.2569968700408936
1.444000482559204
1.4660003185272217
1.492997407913208
1.5270013809204102
1.5828306674957275
1.3559632301330566
1.433539867401123
1.3408448696136475
1.328007459640503
1.4318485260009766
1.4499545097351074
1.4279747009277344
1.4269444942474365
1.442016363143921
1.4209141731262207
4.044949293136597
0.751927375793457
4.050354957580566
1.0569961071014404
0.7419998645782471
4.028519868850708
0.7929999828338623
4.039999485015869
1.068002700805664
0.7420008182525635
4.230000972747803
4.346009731292725
0.7239973545074463
1.052001714706421
0.745002031326294
3.747014045715332
0.7160005569458008
1.0570008754730225
0.6779994964599609
3.899003028869629
0.6520004272460938
4.162001848220825
1.1190011501312256
1.1695609092712402
1.127000093460083
4.337000846862793
4.273000240325928
4.275000095367432
4.1761369705200195
4.175999879837036
0.6850001811981201
3.7385470867156982
0.6789994239807129
1.0530004501342773
0.7830004692077637
3.889364719390869
0.6690022945404053
4.192999362945557
1.1230006217956543
1.1280012130737305
1.1350007057189941
4.417010545730591
4.193000316619873
4.395000219345093
4.316995620727539
4.2620017528533936
0.81600022315979
4.33100152015686
0.7650012969970703
1.5730011463165283
1.767003059387207
1.5239989757537842
1.2839977741241455
1.4841952323913574
2.0840022563934326
1.2899997234344482
1.4489989280700684
1.3690006732940674
1.5669984817504883
1.3570005893707275
1.4689738750457764
1.46000075340271
1.545457363128662
1.4562718868255615
1.268925666809082
2.410038471221924
0.7529115676879883
0.7519900798797607
3.430899143218994
0.7715587615966797
1.1029987335205078
0.7510008811950684
0.7570009231567383
1.0929994583129883
0.7729988098144531
0.7050004005432129
0.7679989337921143
0.7729980945587158
4.738997459411621
4.095999479293823
4.382002353668213
4.416001319885254
4.47700047492981
4.114000558853149
4.094000339508057
4.0988147258758545
4.096428155899048
4.6190009117126465
5.174999475479126
5.381999969482422
1.2850010395050049
4.060999631881714
4.490999937057495
1.2849986553192139
4.151000022888184
4.575000524520874
3.6230030059814453
4.75800085067749
4.762000799179077
4.3919997215271
3.694999933242798
3.4679994583129883
3.691000461578369
3.125000238418579
3.837998390197754
0.7120006084442139
4.174001932144165
0.7529993057250977
3.9270005226135254
1.380000114440918
1.3820011615753174
1.3930432796478271
3.2380008697509766
3.968998670578003
3.9349982738494873
3.9390006065368652
0.7389986515045166
4.272000551223755
1.1509993076324463
1.1550004482269287
1.1609995365142822
4.512999534606934
4.396001100540161
4.297999858856201
4.177000284194946
4.181999921798706
0.7050092220306396
3.7619996070861816
0.6840019226074219
4.160001039505005
1.1210014820098877
1.1299998760223389
1.1309995651245117
4.358001947402954
4.277012586593628
4.263001441955566
4.187000751495361
4.167514085769653
0.7989997863769531
3.750999927520752
0.7489991188049316
4.05400013923645
0.7720000743865967
0.8479998111724854
0.8119995594024658
0.8510003089904785
3.2529993057250977
3.2419984340667725
4.332000732421875
0.8130006790161133
0.7709994316101074
0.8860008716583252
4.3170013427734375
4.402000188827515
4.439512491226196
4.548001527786255
4.106000900268555
4.208031415939331
4.204999685287476
4.204000473022461
4.195001125335693
4.114000558853149
4.411000490188599
4.501999378204346
4.554997205734253
4.135000705718994
4.131999731063843
4.215871572494507
4.196720123291016
4.6219987869262695
5.111001968383789
5.578000783920288
1.3280010223388672
4.321002960205078
4.320999383926392
5.54600191116333
4.65900182723999
3.6400015354156494
4.52443528175354
4.603169918060303
4.07738184928894
5.110998630523682
3.6359996795654297
3.9909985065460205
3.947000503540039
3.0259997844696045
0.7729990482330322
4.150000333786011
1.1710004806518555
0.7569999694824219
0.7509989738464355
4.318999767303467
0.7529983520507812
2.533008337020874
0.777000904083252
1.1064777374267578
0.7630000114440918
3.6950128078460693
4.135036468505859
4.1229987144470215
4.127001762390137
3.623002290725708
3.5550003051757812
3.54699969291687
3.5550005435943604
3.5630011558532715
0.7350032329559326
0.7289996147155762
3.6019999980926514
4.159001588821411
4.1610002517700195
4.148000001907349
3.632000207901001
3.5550010204315186
3.5510001182556152
3.5630006790161133
3.628999710083008
0.7445356845855713
0.7260007858276367
1.068025827407837
0.7540009021759033
0.7440011501312256
0.7350127696990967
0.764000654220581
3.550001859664917
0.6769993305206299
0.758000373840332
0.7799651622772217
3.905998945236206
4.661000490188599
4.428000211715698
3.6580004692077637
4.972000598907471
5.023000478744507
3.4349985122680664
3.949000597000122
3.9420006275177
2.1190009117126465
1.5629997253417969
1.528001308441162
1.5350019931793213
2.533000946044922
3.101996421813965
1.9339990615844727
2.654000759124756
0.7370009422302246
4.327998399734497
0.7730000019073486
3.9970011711120605
0.7900011539459229
4.268999814987183
0.7669997215270996
3.958000421524048
0.7750000953674316
4.879999160766602
0.8190004825592041
4.00800085067749
1.4089975357055664
1.4530019760131836
1.4830009937286377
3.303999185562134
4.017521381378174
4.121000051498413
4.112001657485962
0.7459993362426758
4.476999282836914
1.199000597000122
1.205002784729004
1.2219998836517334
4.601003170013428
4.515002012252808
4.63671875
4.508993864059448
0.7919986248016357
3.9719982147216797
0.8159935474395752
4.023002624511719
1.3729989528656006
1.404001235961914
1.3940026760101318
3.286000967025757
4.03100061416626
3.9429986476898193
3.9449994564056396
0.8040015697479248
3.950777769088745
1.3929634094238281
1.4260146617889404
1.3932602405548096
3.2542884349823
3.936001777648926
3.9580016136169434
3.9469997882843018
0.7750024795532227
1.0659780502319336
0.8210000991821289
0.844998836517334
0.80299973487854
0.8310010433197021
3.2290008068084717
0.8249995708465576
0.8009991645812988
0.8409998416900635
3.2560017108917236
3.2399988174438477
4.245030641555786
3.244000196456909
1.8900020122528076
1.5600006580352783
1.2740004062652588
1.6949994564056396
1.3870339393615723
1.7000007629394531
1.6520013809204102
1.47300124168396
1.3840000629425049
1.567000150680542
1.4740381240844727
1.570000410079956
1.567000389099121
1.613999366760254
1.811999797821045
1.82200026512146
0.8240010738372803
0.7670004367828369
0.8369991779327393
3.637000799179077
0.8110008239746094
0.7530009746551514
0.8310010433197021
3.6190009117126465
0.8190021514892578
0.7760002613067627
0.8179998397827148
3.233001232147217
3.2130000591278076
0.7780027389526367
0.8200011253356934
3.222999334335327
0.8170003890991211
0.774998664855957
0.8239986896514893
3.2240021228790283
3.2210001945495605
4.328999280929565
0.8200018405914307
0.7579970359802246
0.8200013637542725
4.107970714569092
4.36799955368042
4.367999792098999
4.4720001220703125
4.099030017852783
4.092999696731567
4.095000267028809
4.09600305557251
4.096667528152466
4.368998289108276
4.356001615524292
4.46600079536438
4.087998628616333
4.092997312545776
4.101999521255493
4.103004455566406
0.8180015087127686
1.0759987831115723
0.8199982643127441
0.7600002288818359
0.8219995498657227
4.196000576019287
4.34999942779541
4.363999366760254
4.480997800827026
4.099001169204712
4.193999767303467
4.187000751495361
4.189003229141235
4.188002347946167
4.097999811172485
4.3649983406066895
4.369999885559082
4.461000442504883
4.105999231338501
4.085000038146973
4.1037437915802
4.1057891845703125
4.5019989013671875
4.730000972747803
5.386000871658325
1.2840008735656738
4.1840291023254395
4.6539692878723145
5.387999534606934
5.215000629425049
4.656000852584839
4.76335334777832
4.980910778045654
5.457998752593994
3.009000539779663
5.077002048492432
3.93399977684021
0.7809991836547852
0.8280017375946045
0.8290011882781982
3.236999034881592
3.2239997386932373
4.338999509811401
0.7809998989105225
0.7690005302429199
4.177001237869263
4.364002704620361
4.362975358963013
4.453000545501709
4.089000463485718
4.176001310348511
4.273000240325928
4.247998237609863
4.075012922286987
3.0540003776550293
1.8530004024505615
1.240999698638916
1.5710010528564453
1.3659963607788086
1.3480005264282227
1.5420000553131104
1.3450024127960205
1.9310011863708496
1.5349993705749512
1.3690032958984375
1.5420002937316895
1.536010503768921
1.4519999027252197
1.5950002670288086
1.5820000171661377
1.7740144729614258
0.7460019588470459
0.7450003623962402
0.7949998378753662
3.9870011806488037
4.25200080871582
4.259998083114624
4.355002403259277
4.027381181716919
4.009001016616821
4.015000104904175
4.0210020542144775
3.989999294281006
4.303003311157227
4.319002628326416
4.416999578475952
4.0190088748931885
3.980999708175659
3.9959986209869385
4.002137660980225
1.4269993305206299
1.6270008087158203
1.5100014209747314
1.2619988918304443
1.4280006885528564
1.4729998111724854
1.4970002174377441
1.5240120887756348
1.5530002117156982
1.3480002880096436
1.430999994277954
1.334000587463379
1.328000783920288
1.436999797821045
1.427997350692749
1.433002233505249
1.4230008125305176
1.435002088546753
1.4340002536773682
0.7379987239837646
0.729999303817749
0.7479994297027588
4.064000844955444
3.981997013092041
4.252002000808716
4.245001792907715
4.354001522064209
3.9790005683898926
3.9790003299713135
3.9950006008148193
4.01099967956543
1.430999755859375
1.635000228881836
1.510000467300415
1.2670013904571533
1.4240000247955322
1.4780004024505615
1.5070035457611084
1.5289313793182373
1.5660123825073242
1.3591721057891846
1.4369988441467285
1.3372535705566406
1.360001564025879
1.4340019226074219
1.4649996757507324
1.4390816688537598
1.4527814388275146
1.4479656219482422
1.445960521697998
0.7479822635650635
0.7309813499450684
0.7409939765930176
3.647669792175293
4.287001609802246
4.272000312805176
3.6610007286071777
4.681999921798706
4.789041757583618
3.21000075340271
3.7390010356903076
3.677863836288452
0.7480013370513916
0.7316386699676514
0.7531304359436035
3.5900001525878906
0.7510006427764893
0.7540006637573242
0.7420005798339844
3.5470030307769775
0.6819992065429688
0.7460002899169922
0.743999719619751
3.5399997234344482
2.384999990463257
1.341001033782959
1.3340001106262207
1.343000888824463
3.9530022144317627
3.86076021194458
2.8369994163513184
2.5589993000030518
0.6829993724822998
4.205996990203857
1.0550017356872559
1.0670008659362793
1.0560030937194824
3.804999828338623
4.200001001358032
4.190999984741211
4.196000337600708
0.7269992828369141
2.01300048828125
1.4510011672973633
1.4340016841888428
1.440000295639038
2.3369996547698975
2.9320006370544434
1.8499999046325684
2.5730018615722656
0.7439999580383301
4.34200119972229
0.7310001850128174
2.0209996700286865
1.454998254776001
1.4370014667510986
1.4379997253417969
2.327000141143799
2.9371190071105957
1.8480005264282227
2.563001871109009
0.7270009517669678
4.059002637863159
0.7259995937347412
3.7460010051727295
0.7279999256134033
4.088000535964966
0.7309997081756592
3.734999895095825
0.7269999980926514
4.073001861572266
0.7390029430389404
3.6730000972747803
0.7860002517700195
3.914000988006592
1.3500022888183594
1.3590009212493896
1.364001750946045
3.2760307788848877
3.9579994678497314
3.921509265899658
3.9509999752044678
0.8229990005493164
0.7810349464416504
0.837000846862793
0.8189990520477295
0.8366420269012451
3.2494239807128906
0.8460025787353516
0.7730011940002441
0.8399984836578369
3.1710007190704346
0.7769999504089355
0.8189995288848877
0.7770025730133057
0.8459999561309814
3.240999460220337
0.8239996433258057
0.7720010280609131
0.8459985256195068
3.17199969291687
0.7868959903717041
3.231997013092041
0.7709989547729492
4.092979431152344
3.1699485778808594
4.334000825881958
0.7740001678466797
3.2449989318847656
0.7720003128051758
4.368999719619751
3.180999755859375
4.3349997997283936
0.8420040607452393
0.8160006999969482
0.8520011901855469
1.1050004959106445
0.8269999027252197
0.7780005931854248
0.8440017700195312
3.771000862121582
4.371999740600586
4.360005140304565
3.540999174118042
4.732001066207886
4.829998016357422
3.4340009689331055
3.8210394382476807
3.721000909805298
0.8410007953643799
0.755000114440918
0.841001033782959
3.6170010566711426
0.8289995193481445
0.7559993267059326
0.841001033782959
3.5949995517730713
0.7699980735778809
0.8250014781951904
0.7720010280609131
0.8289985656738281
3.2240004539489746
0.821997880935669
0.7700011730194092
0.8309991359710693
3.16702938079834
0.77099609375
3.2279984951019287
0.7700002193450928
0.8280031681060791
3.243997097015381
3.1650004386901855
0.768998384475708
0.819000244140625
3.1669998168945312
0.7680008411407471
0.8179943561553955
0.7719998359680176
0.8290009498596191
3.239999294281006
0.8240008354187012
0.771003007888794
0.8310000896453857
3.169001340866089
0.7680008411407471
3.2359986305236816
0.7690005302429199
4.0829997062683105
3.177002191543579
4.32300066947937
0.8229970932006836
0.7730002403259277
0.8260006904602051
3.719999074935913
0.7889986038208008
0.7350008487701416
0.7989826202392578
3.6630027294158936
2.6409997940063477
0.8789994716644287
0.8769981861114502
0.8930001258850098
3.241999864578247
3.1510016918182373
2.990999698638916
2.47499680519104
0.7269995212554932
2.6349992752075195
0.8760004043579102
0.879000186920166
0.8740012645721436
3.2430009841918945
3.1679999828338623
2.9830069541931152
2.491999626159668
0.7240002155303955
0.7385270595550537
1.0699996948242188
4.032999277114868
0.7249996662139893
0.7289996147155762
3.3354673385620117
3.4459996223449707
3.440001964569092
3.458000898361206
4.338998317718506
4.18500018119812
4.188000440597534
3.2770001888275146
2.5190014839172363
1.054002046585083
2.076998233795166
2.7820005416870117
2.798999786376953
2.8049991130828857
2.148001194000244
3.0900039672851562
3.1710002422332764
3.2519986629486084
1.772001028060913
0.7720005512237549
1.0490007400512695
0.7690320014953613
3.6269640922546387
1.0979998111724854
0.7539997100830078
0.7570011615753174
2.636000871658325
0.9040477275848389
0.9009974002838135
0.8939990997314453
3.3436427116394043
3.289747953414917
2.9590001106262207
2.586998462677002
2.627002000808716
0.7289998531341553
1.5759999752044678
1.5859997272491455
1.3779993057250977
1.325000524520874
1.3329997062683105
1.635002613067627
1.7610220909118652
1.5160017013549805
1.2009997367858887
1.3770017623901367
1.568000078201294
1.57597017288208
1.5659995079040527
1.5729975700378418
1.5630009174346924
1.5620002746582031
1.0330018997192383
1.0189993381500244
0.7259986400604248
1.0349586009979248
0.6480004787445068
1.0939483642578125
0.6620488166809082
0.7700576782226562
1.0350403785705566
0.7240207195281982
3.264429807662964
0.7719442844390869
3.6268651485443115
3.5723555088043213
0.7270007133483887
3.604001045227051
0.6500003337860107
1.0109989643096924
0.7520020008087158
0.7330000400543213
1.0240015983581543
0.7249987125396729
1.0160021781921387
0.7749981880187988
1.031999111175537
0.7109999656677246
1.0160002708435059
0.7130019664764404
1.0789992809295654
1.054999828338623
0.6960000991821289
3.5219995975494385
0.6070013046264648
0.9830005168914795
0.6960010528564453
1.0015172958374023
0.6199996471405029
0.9860033988952637
0.6230008602142334
3.5299999713897705
0.6230010986328125
0.9840002059936523
0.7229983806610107
3.82099986076355
0.687999963760376
3.799999713897705
1.336000919342041
1.527001142501831
1.4059998989105225
1.170999526977539
1.3319973945617676
1.369999885559082
1.3990018367767334
1.4200000762939453
1.449000597000122
1.2610008716583252
1.3350005149841309
1.260000228881836
1.246999979019165
1.3389995098114014
1.3350014686584473
1.3279998302459717
1.3409984111785889
1.3289995193481445
1.3429992198944092
3.7919986248016357
0.6920006275177002
3.7929999828338623
0.98699951171875
0.6909992694854736
3.798999547958374
0.7379999160766602
3.804001808166504
1.0000011920928955
0.6979994773864746
3.991000175476074
4.09600830078125
0.6859989166259766
0.9910004138946533
0.7069995403289795
3.554999351501465
0.6650002002716064
0.988001823425293
0.6330008506774902
3.7141058444976807
0.6289992332458496
3.9790027141571045
1.068998098373413
1.0560002326965332
1.065002679824829
4.099999904632568
3.99299955368042
3.9950010776519775
3.926818370819092
3.9100162982940674
0.6330006122589111
3.528000593185425
0.631000280380249
0.9899985790252686
0.7380008697509766
3.6540000438690186
0.6169998645782471
3.905998706817627
1.050999402999878
1.0490000247955322
1.06600022315979
4.075999975204468
4.006001949310303
3.9920008182525635
3.9169998168945312
3.910999298095703
0.7330009937286377
3.9609994888305664
0.6780004501342773
1.4280016422271729
1.6210010051727295
1.4000000953674316
1.1720008850097656
1.360999584197998
1.9049999713897705
1.1829993724822998
1.3339967727661133
1.2470009326934814
1.4450008869171143
1.261000394821167
1.3539998531341553
1.3470008373260498
1.4099977016448975
1.3350002765655518
1.17000150680542
2.220001459121704
0.6780002117156982
0.6870002746582031
3.1489999294281006
0.6999988555908203
1.0020005702972412
0.6769990921020508
0.6789999008178711
1.001000165939331
0.6910006999969482
0.6350009441375732
0.6789999008178711
0.6919996738433838
4.335000038146973
3.7429990768432617
3.999000310897827
3.9970011711120605
4.103998184204102
3.743999481201172
3.7489988803863525
3.749000072479248
3.7490007877349854
4.233531713485718
4.74000096321106
4.936001777648926
1.173999547958374
3.721999406814575
4.153998374938965
1.1725449562072754
3.843134880065918
4.177840948104858
3.3379995822906494
4.384000062942505
4.372999668121338
4.039999961853027
3.384999990463257
3.192009210586548
3.402000904083252
3.0289995670318604
3.6019997596740723
0.655001163482666
3.8869998455047607
0.6850001811981201
3.651996374130249
1.279057502746582
1.293868064880371
1.2860195636749268
3.012000799179077
3.6465420722961426
3.611999273300171
3.614271640777588
0.6660001277923584
3.920008897781372
1.0530004501342773
1.0530006885528564
1.0669994354248047
4.090999364852905
4.009000539779663
3.995999574661255
3.9220008850097656
3.929999828338623
0.6359996795654297
3.5270004272460938
0.6370007991790771
3.9210004806518555
1.0600016117095947
1.0599989891052246
1.0570011138916016
4.089000463485718
4.0299999713897705
4.0100038051605225
3.9210011959075928
3.921999216079712
0.695002555847168
3.529000997543335
0.6989998817443848
3.686288833618164
0.7180080413818359
0.7419993877410889
0.7260012626647949
0.7660009860992432
2.916999578475952
2.9059998989105225
3.9590003490448
0.7370014190673828
0.6760001182556152
0.7529997825622559
3.828000068664551
3.9940004348754883
3.996001958847046
4.090000629425049
3.7500011920928955
3.8290011882781982
3.834000587463379
3.9890024662017822
3.9160008430480957
4.000999689102173
4.149009943008423
4.014001131057739
4.091000556945801
3.7420012950897217
3.7489993572235107
3.748997688293457
3.7429990768432617
4.1100006103515625
4.539999485015869
4.922997236251831
1.1780016422271729
3.7200002670288086
3.8185157775878906
4.935999631881714
4.1539998054504395
3.2239999771118164
3.958000898361206
4.152001142501831
3.7079999446868896
4.677001953125
3.363999605178833
3.596998453140259
3.6400809288024902
2.842534303665161
0.6980006694793701
3.8039987087249756
1.070000410079956
0.67799973487854
0.6840002536773682
3.9910101890563965
0.6780006885528564
2.3179996013641357
0.7059981822967529
1.0039997100830078
0.6800010204315186
3.3520002365112305
3.933000087738037
3.8820011615753174
3.893000841140747
3.431001901626587
3.3479998111724854
3.3580000400543213
3.3460025787353516
3.346667528152466
0.7121591567993164
0.6809790134429932
3.418058395385742
3.9229989051818848
3.938999652862549
3.948000192642212
3.5210018157958984
3.3459982872009277
3.353001117706299
3.353999614715576
3.421001672744751
0.6909999847412109
0.6770002841949463
1.0049998760223389
0.7019987106323242
0.6979997158050537
0.68399977684021
0.693000078201294
3.319000244140625
0.6349983215332031
0.6960008144378662
0.6959991455078125
3.4300005435943604
4.000999927520752
4.00200080871582
3.213528871536255
4.440001010894775
4.425002098083496
3.0640032291412354
3.510000705718994
3.4289987087249756
1.8949999809265137
1.3549995422363281
1.3509981632232666
1.3500010967254639
2.19599986076355
2.7639997005462646
1.7299997806549072
2.443010091781616
0.643000602722168
3.8640007972717285
0.6769983768463135
3.5290000438690186
0.6820001602172852
3.8530006408691406
0.679999589920044
3.5209996700286865
0.679999828338623
3.8250010013580322
0.7210094928741455
3.604001760482788
1.2739994525909424
1.2649996280670166
1.277998685836792
2.9720191955566406
3.6130011081695557
3.610010862350464
3.6190011501312256
0.6389977931976318
3.9140007495880127
1.0500011444091797
1.056999683380127
1.0590002536773682
4.166999340057373
4.012999773025513
4.025001049041748
4.037002801895142
0.7390007972717285
3.642000436782837
0.7570011615753174
3.717029571533203
1.2759876251220703
1.2700018882751465
1.3310003280639648
2.986999988555908
3.614002227783203
3.7309985160827637
3.736999034881592
0.7560362815856934
3.7750003337860107
1.2709999084472656
1.2730004787445068
1.2789983749389648
2.9900004863739014
3.6140010356903076
3.6019983291625977
3.6100003719329834
0.7450001239776611
1.0069985389709473
0.7390007972717285
0.7590031623840332
0.7170004844665527
0.7880008220672607
3.1410040855407715
0.7730000019073486
0.731959342956543
0.7990002632141113
3.0450010299682617
3.03399920463562
3.997999906539917
3.043001413345337
1.7880239486694336
1.4790005683898926
1.2020001411437988
1.6129992008209229
1.3159990310668945
1.6169986724853516
1.5640010833740234
1.3940026760101318
1.304001808166504
1.496000051498413
1.3980002403259277
1.4870009422302246
1.4900217056274414
1.5340008735656738
1.7150003910064697
1.7149994373321533
0.7909994125366211
0.7360005378723145
0.7849991321563721
3.447011709213257
0.7710435390472412
0.7119998931884766
0.7850003242492676
3.4399991035461426
0.7760000228881836
0.7279982566833496
0.7710025310516357
3.046999454498291
3.030000925064087
0.7330000400543213
0.774000883102417
3.033000946044922
0.7720012664794922
0.7285943031311035
0.772017240524292
3.0443382263183594
3.0409998893737793
4.103000164031982
0.7749991416931152
0.7090013027191162
0.7780003547668457
3.879962205886841
4.124999046325684
4.12700080871582
4.243690729141235
3.874912738800049
3.8789327144622803
3.8942413330078125
3.8699991703033447
3.86799955368042
4.144999742507935
4.138000011444092
4.245000839233398
3.8860018253326416
3.8980000019073486
3.8909614086151123
3.8829989433288574
0.7729997634887695
1.0209994316101074
0.7710013389587402
0.7150003910064697
0.7729840278625488
3.9580020904541016
4.139002323150635
4.113999366760254
4.239001035690308
3.8819997310638428
3.953998565673828
3.9740006923675537
3.958000421524048
3.973001003265381
3.882000207901001
4.14299750328064
4.135000705718994
4.236999988555908
3.8839714527130127
3.8740265369415283
3.88700008392334
3.8749992847442627
4.26800012588501
4.483031272888184
5.106997728347778
1.2150044441223145
3.9779999256134033
4.418042421340942
5.113999605178833
4.9700026512146
4.262004613876343
4.440000772476196
4.570818662643433
5.036010265350342
3.0099992752075195
4.727999448776245
3.7359986305236816
0.7260324954986572
0.771000862121582
0.7689990997314453
3.0380403995513916
3.0339996814727783
4.140979766845703
0.7429990768432617
0.7660007476806641
4.126001596450806
4.1219987869262695
4.20100212097168
4.2769997119903564
3.8680026531219482
4.077002286911011
4.233999729156494
4.1030004024505615
4.046001672744751
2.991960287094116
1.8549985885620117
1.2120013236999512
1.5529987812042236
1.3580009937286377
1.3219990730285645
1.49300217628479
1.3290002346038818
1.9199981689453125
1.493001937866211
1.3159997463226318
1.4969995021820068
1.4970004558563232
1.42000150680542
1.6301076412200928
1.6280009746551514
1.7289998531341553
0.7260010242462158
0.7562768459320068
0.8529999256134033
3.995985746383667
4.363999366760254
2.654999256134033
2.6610000133514404
2.6540005207061768
0.6500005722045898
0.6410014629364014
0.6279990673065186
0.6250009536743164
0.6379992961883545
0.6420011520385742
2.6500003337860107
2.808000087738037
2.8189988136291504
2.810002326965332
2.799999952316284
2.786001682281494
2.8479995727539062
2.7170002460479736
2.699002742767334
2.6629996299743652
2.6360015869140625
2.6650004386901855
2.892000675201416
0.672001838684082
0.6589961051940918
2.8769991397857666
3.8160006999969482
3.8450019359588623
1.0396003723144531
0.5939984321594238
1.0310001373291016
0.5709984302520752
0.6229982376098633
0.6700010299682617
0.6560003757476807
0.5560007095336914
0.5670006275177002
0.6569969654083252
0.6440939903259277
1.050999641418457
0.5940005779266357
1.0410001277923584
0.5669984817504883
0.6300008296966553
0.6789991855621338
0.678004264831543
0.5659987926483154
0.5649971961975098
0.7140097618103027
0.6550016403198242
0.6270017623901367
1.030998706817627
0.5610020160675049
1.0239982604980469
0.556999921798706
0.6040005683898926
0.6830010414123535
0.679999828338623
0.5560016632080078
0.5570309162139893
0.7020003795623779
0.6389994621276855
0.6469972133636475
1.1050012111663818
0.5729985237121582
1.0189976692199707
0.5619966983795166
0.6110024452209473
0.6590015888214111
0.6640000343322754
0.5699999332427979
0.556999921798706
0.7020010948181152
0.654998779296875
0.6329991817474365
1.108001470565796
0.5540015697479248
1.026000738143921
0.5744974613189697
0.6060001850128174
0.6560003757476807
0.6670007705688477
0.5499997138977051
0.5499989986419678
0.6939990520477295
0.5939998626708984
0.6369996070861816
0.4329991340637207
0.5980002880096436
0.42799949645996094
1.2999999523162842
0.6740007400512695
0.5500004291534424
0.5519983768463135
0.9959995746612549
0.40000081062316895
1.540999174118042
0.5970005989074707
0.695000410079956
0.40200090408325195
0.5970003604888916
0.6059999465942383
0.6599996089935303
0.6089987754821777
0.5959987640380859
0.5870001316070557
0.3989987373352051
0.6549997329711914
0.4309988021850586
1.2789993286132812
1.335000991821289
0.397000789642334
1.277001142501831
0.6099991798400879
1.0070016384124756
0.5720005035400391
0.4129979610443115
0.9990005493164062
0.41499948501586914
0.6410007476806641
0.5980002880096436
0.642000675201416
0.5799984931945801
0.8400015830993652
0.5809988975524902
0.8459992408752441
0.5929999351501465
0.3989994525909424
1.2860004901885986
0.7450003623962402
0.8540008068084717
0.40200066566467285
0.8400013446807861
0.6160004138946533
0.8439981937408447
0.6099987030029297
1.2859992980957031
0.6090011596679688
0.8540000915527344
0.5469996929168701
1.1109998226165771
1.0950000286102295
1.1070003509521484
1.1089999675750732
1.1130008697509766
1.102999210357666
1.1050004959106445
1.1160008907318115
1.1080002784729004
1.1040003299713135
1.1040003299713135
1.1070005893707275
1.090000867843628
1.1020009517669678
1.1080005168914795
1.0989997386932373
1.1050004959106445
1.0980002880096436
1.106001377105713
1.1080009937286377
1.1039981842041016
1.0999984741210938
1.1009995937347412
1.1129999160766602
1.1000006198883057
1.102999210357666
1.1009995937347412
1.1050004959106445
1.1120007038116455
1.0919992923736572
1.0870001316070557
1.0910017490386963
1.0800011157989502
1.0920000076293945
1.089998483657837
1.0969996452331543
1.089998483657837
1.0839989185333252
1.0889999866485596
1.0960006713867188
1.0889983177185059
1.097003698348999
1.0980000495910645
1.0870006084442139
1.0920002460479736
1.0970001220703125
1.0980005264282227
1.0959994792938232
1.0910003185272217
1.080000638961792
1.1100001335144043
1.089998722076416
1.0919992923736572
1.095998764038086
1.0720009803771973
1.095001459121704
1.090998888015747
1.0960006713867188
1.100999355316162
1.0970008373260498
1.0910005569458008
1.081000804901123
1.0819990634918213
1.0799996852874756
1.0919983386993408
1.0789995193481445
1.082000732421875
1.0920004844665527
1.0960001945495605
1.1000001430511475
1.1000010967254639
1.0899999141693115
1.0949993133544922
1.0919997692108154
1.090000867843628
1.0729992389678955
1.0869996547698975
1.080000638961792
1.0999999046325684
1.0829992294311523
1.0870001316070557
1.4870009422302246
1.0919990539550781
1.0969996452331543
1.0870003700256348
1.0770001411437988
1.0719990730285645
1.0670018196105957
1.0880002975463867
1.115999698638916
1.0900027751922607
1.0950007438659668
1.0919992923736572
1.097998857498169
1.0800018310546875
1.086998701095581
1.0920000076293945
1.07200026512146
1.0890018939971924
0.4050004482269287
1.078000545501709
1.0860016345977783
1.0820002555847168
1.0880005359649658
1.0989985466003418
1.077000379562378
1.0889999866485596
1.0859997272491455
1.086000680923462
1.0969996452331543
1.100999116897583
1.0920002460479736
1.1039996147155762
1.1070010662078857
1.0970005989074707
1.107999563217163
1.1000006198883057
1.099999189376831
1.1090006828308105
1.1040012836456299
1.0990002155303955
1.100001335144043
1.1029994487762451
1.1090013980865479
1.1230008602142334
1.1180002689361572
1.1160006523132324
1.122999668121338
1.1230010986328125
1.112999439239502
1.112999677658081
1.1260004043579102
1.1200003623962402
1.1400010585784912
1.1199989318847656
1.1290009021759033
1.1299984455108643
1.158998966217041
1.1139991283416748
1.1080000400543213
1.141000509262085
1.1289997100830078
1.125000238418579
1.1339991092681885
1.145000696182251
1.1350007057189941
1.149000644683838
1.13100004196167
1.1280012130737305
1.1200003623962402
1.1170003414154053
1.1190011501312256
1.1470003128051758
1.1190004348754883
1.1200017929077148
1.107001781463623
1.1230008602142334
1.1180009841918945
1.117999792098999
1.116999864578247
1.1319999694824219
1.139000654220581
1.16499924659729
1.1750009059906006
1.1549999713897705
1.166999340057373
1.1310007572174072
1.1300013065338135
1.1120002269744873
1.1200003623962402
1.125999927520752
1.1240010261535645
1.11899995803833
1.130000114440918
1.1349992752075195
1.1230006217956543
1.1240005493164062
1.1350011825561523
1.1189987659454346
1.1060001850128174
1.112999677658081
1.1130468845367432
1.0969998836517334
1.1039998531341553
1.0950000286102295
1.1220002174377441
1.115002155303955
1.121999979019165
1.128000020980835
1.0830004215240479
1.0899996757507324
1.0920002460479736
1.1090002059936523
1.084113597869873
1.0879981517791748
1.1000003814697266
1.0839991569519043
1.0910000801086426
1.0900003910064697
1.6299991607666016
1.095000982284546
1.133000135421753
1.1350009441375732
1.13200044631958
1.1160011291503906
1.1249985694885254
1.1159999370574951
1.1289985179901123
1.1209995746612549
1.1149985790252686
1.0380003452301025
0.5630009174346924
0.999000072479248
0.5620019435882568
0.6059999465942383
0.6730015277862549
0.6709990501403809
0.562000036239624
0.5589988231658936
0.707000732421875
0.5999994277954102
0.6480000019073486
0.44099926948547363
0.6039996147155762
0.437999963760376
1.3030002117156982
7.293002367019653
2.538001298904419
6.048010349273682
3.2669992446899414
3.6250014305114746
2.5699973106384277
11.657000064849854
2.935000419616699
8.345999956130981
4.367173671722412
2.5280001163482666
4.087002515792847
3.2869980335235596
7.980998754501343
4.301000118255615
2.8489997386932373
7.302998304367065
3.8449976444244385
5.914997577667236
2.5289978981018066
5.135997533798218
2.8980002403259277
10.189000844955444
3.9170000553131104
3.9300005435943604
7.129000186920166
4.378998517990112
4.3080010414123535
4.80000114440918
4.308000564575195
2.86200213432312
3.5939996242523193
6.330999851226807
7.209001779556274
4.308000802993774
2.8479995727539062
3.6970014572143555
4.329001426696777
7.228000640869141
4.670998573303223
3.961000919342041
4.65800142288208
9.111999988555908
4.374999523162842
4.40400242805481
4.856997966766357
5.107000112533569
4.749000787734985
4.009997367858887
3.9179999828338623
6.703002214431763
4.689002513885498
4.0069966316223145
3.945002317428589
3.9995269775390625
5.699999809265137
5.065000057220459
4.37800145149231
4.322000980377197
4.328000068664551
4.297001361846924
3.9690003395080566
5.776999235153198
4.277000188827515
3.664001226425171
4.313000917434692
4.692999601364136
3.593001365661621
3.9719979763031006
3.9980015754699707
5.070000171661377
4.351001262664795
4.764000415802002
3.577000141143799
4.380000591278076
5.030000925064087
4.276001930236816
4.405999660491943
3.943000078201294
4.675001859664917
3.9280035495758057
4.289000988006592
5.225001573562622
3.949000358581543
5.041000604629517
3.947999954223633
3.9290008544921875
4.665001392364502
3.600998878479004
4.711000204086304
3.984999418258667
3.6140024662017822
3.241001605987549
3.9410014152526855
5.047001361846924
4.312000036239624
5.776000022888184
1.0670018196105957
0.5709993839263916
1.0299999713897705
0.5650005340576172
0.6100003719329834
0.6799981594085693
0.6750001907348633
0.5629994869232178
0.562997579574585
0.7110002040863037
0.5920021533966064
0.6490018367767334
0.43599963188171387
0.5970020294189453
0.428999662399292
1.305999994277954
0.6740643978118896
0.5539991855621338
0.5599992275238037
1.0209994316101074
0.40200018882751465
1.5410010814666748
0.5979983806610107
0.7079982757568359
0.40199995040893555
0.603001594543457
0.6180005073547363
0.6590006351470947
0.6180002689361572
0.6100008487701416
0.600999116897583
0.4050016403198242
0.6689996719360352
0.43400001525878906
1.3009986877441406
1.3670012950897217
0.40199923515319824
1.299999475479126
0.6230015754699707
1.011997938156128
0.5569994449615479
0.44300150871276855
1.0210003852844238
0.4180009365081787
0.652001142501831
0.6010000705718994
0.6520013809204102
0.5950019359588623
0.8609979152679443
0.5839998722076416
0.852999210357666
0.5980010032653809
0.407001256942749
1.2849993705749512
0.7600009441375732
0.8680002689361572
0.4009988307952881
0.8529999256134033
0.6280007362365723
0.8579988479614258
0.6220002174377441
1.294999599456787
0.6200001239776611
0.860999584197998
0.5560002326965332
1.1400001049041748
1.1279985904693604
1.1310014724731445
1.124999761581421
1.1250004768371582
1.1279995441436768
1.123999834060669
1.1450002193450928
1.124000072479248
1.1189992427825928
1.1329989433288574
1.1280007362365723
1.1220009326934814
1.1190006732940674
1.1249985694885254
1.1300017833709717
1.1209988594055176
1.1240007877349854
1.1279988288879395
1.1210007667541504
1.124000072479248
1.110001802444458
1.127000093460083
1.1180007457733154
1.1260004043579102
1.1310009956359863
1.1179988384246826
1.122999668121338
1.1129987239837646
1.1240005493164062
1.1250014305114746
1.1240015029907227
1.1269991397857666
1.1220011711120605
1.125000238418579
1.1239984035491943
1.1280004978179932
1.123000144958496
1.1220002174377441
1.125000238418579
1.1239991188049316
1.119999885559082
1.1160004138946533
1.1269991397857666
1.1100008487701416
1.1259996891021729
1.11899995803833
1.1180002689361572
1.1190011501312256
1.1260008811950684
1.1220006942749023
1.120999813079834
1.1279993057250977
1.1220004558563232
1.128002405166626
1.1200003623962402
1.1210005283355713
1.1260008811950684
1.1189987659454346
1.1190009117126465
1.1190013885498047
1.124000072479248
1.1220014095306396
1.1239993572235107
1.1180007457733154
1.1200017929077148
1.1210014820098877
1.1250007152557373
1.1240003108978271
1.124999761581421
1.126000165939331
1.1189985275268555
1.1220018863677979
1.1199991703033447
1.11799955368042
1.1099987030029297
1.1419997215270996
1.1280007362365723
1.125999927520752
1.124999761581421
1.116999864578247
1.1280009746551514
1.1359999179840088
1.1209993362426758
1.1180009841918945
1.1200003623962402
1.1219985485076904
1.1209990978240967
1.1230003833770752
1.111999273300171
1.1229989528656006
1.1220004558563232
1.1219992637634277
1.1129999160766602
1.1220009326934814
1.1219992637634277
1.1320011615753174
1.1209981441497803
1.116999864578247
0.4180006980895996
1.13200044631958
1.1190004348754883
1.1109998226165771
1.1240003108978271
1.1240057945251465
1.1189982891082764
1.117999792098999
1.1199994087219238
1.1250011920928955
1.121999979019165
1.1210002899169922
1.1159999370574951
1.1290018558502197
1.1199984550476074
1.1159992218017578
1.1159999370574951
1.1190011501312256
1.1150004863739014
1.1209986209869385
1.1249985694885254
1.1270017623901367
1.1239993572235107
1.1219995021820068
1.1219985485076904
1.1180012226104736
1.1159999370574951
1.1210014820098877
1.118999719619751
1.1170001029968262
1.1160008907318115
1.132002353668213
1.1169991493225098
1.1269993782043457
1.1190001964569092
1.1200015544891357
1.1199982166290283
1.11199951171875
1.126002311706543
1.096001386642456
1.1150007247924805
1.1110000610351562
1.122002363204956
1.1150004863739014
1.1380019187927246
1.1200025081634521
1.095000982284546
1.1040008068084717
1.1280009746551514
1.112999439239502
1.103999137878418
1.1129987239837646
1.1399991512298584
1.1169989109039307
1.1120002269744873
1.1160006523132324
1.1209993362426758
1.1069998741149902
1.11799955368042
1.1210005283355713
1.1099791526794434
1.1150014400482178
1.1140015125274658
1.1149981021881104
1.110999345779419
1.1099998950958252
1.1070003509521484
1.1230003833770752
1.1160004138946533
1.1309995651245117
1.150000810623169
1.1240010261535645
1.1169981956481934
1.1239993572235107
1.1100003719329834
1.1260004043579102
1.1300005912780762
1.1190001964569092
1.122999668121338
1.1149983406066895
1.121000051498413
1.1250009536743164
1.1089997291564941
1.119002103805542
1.125000238418579
1.119999885559082
1.1440019607543945
1.1230006217956543
1.1319999694824219
1.13200044631958
1.1250007152557373
1.1189987659454346
1.1369988918304443
1.130000114440918
1.1209988594055176
1.120999813079834
1.1240007877349854
1.1190006732940674
1.1240003108978271
1.1309993267059326
1.6659986972808838
1.1170008182525635
1.1220004558563232
1.1190011501312256
1.1230018138885498
1.115002155303955
1.1110005378723145
1.1140007972717285
1.1189978122711182
1.109999418258667
1.1410000324249268
1.127000331878662
1.1149992942810059
1.1180016994476318
1.121999979019165
1.1219985485076904
1.146000623703003
1.1210007667541504
1.121999740600586
1.111999273300171
1.11799955368042
1.1210002899169922
1.1370000839233398
1.11899995803833
1.1420001983642578
1.123000144958496
1.141000509262085
1.122999668121338
1.11899995803833
1.1170005798339844
1.1220006942749023
1.1160006523132324
1.1190004348754883
1.125002384185791
1.123999834060669
1.1280012130737305
1.117999792098999
1.1089990139007568
1.1140005588531494
1.1290004253387451
1.1180009841918945
1.1200008392333984
1.127000331878662
1.1150007247924805
1.1390011310577393
1.1220011711120605
1.1180007457733154
1.1250014305114746
1.142000436782837
1.1330008506774902
1.094998836517334
1.1059985160827637
1.1170001029968262
1.1190004348754883
1.0760011672973633
1.100998878479004
1.082000494003296
1.1020011901855469
1.1020004749298096
1.0960001945495605
1.0760018825531006
1.1059999465942383
1.0720009803771973
1.1020007133483887
1.1079998016357422
1.0889999866485596
1.1030008792877197
1.105001449584961
1.1030004024505615
1.0880012512207031
1.0710008144378662
1.1069982051849365
1.0780024528503418
1.082000970840454
1.1040000915527344
1.087000846862793
1.073000192642212
1.0939998626708984
1.1050012111663818
1.0870001316070557
1.0799994468688965
1.0969998836517334
1.0990002155303955
1.097001314163208
1.0780010223388672
1.106001377105713
1.077000379562378
1.092998743057251
1.0890021324157715
1.0890004634857178
1.0910007953643799
1.120997667312622
1.0980007648468018
1.086998701095581
1.093001127243042
1.076000690460205
1.1070010662078857
1.0940062999725342
1.1240003108978271
1.1020004749298096
0.4140005111694336
1.0839993953704834
1.0690014362335205
1.0859999656677246
1.0679988861083984
1.0930004119873047
1.0880002975463867
1.0849997997283936
1.0809998512268066
1.0720007419586182
1.0979993343353271
1.1240010261535645
1.093000888824463
1.0700016021728516
1.0930016040802002
1.0940003395080566
1.09200119972229
1.107001543045044
1.088000774383545
1.0850014686584473
1.0860011577606201
1.0949993133544922
1.1240003108978271
1.1060009002685547
1.0949997901916504
1.0859999656677246
1.0760011672973633
1.0660006999969482
1.1009981632232666
1.0890004634857178
1.1189987659454346
1.1010010242462158
1.1070001125335693
1.1379992961883545
1.1120009422302246
1.0839998722076416
1.0910003185272217
1.0759994983673096
1.0750007629394531
1.085000991821289
1.0820021629333496
1.0880017280578613
1.0769991874694824
1.1349995136260986
1.0920002460479736
1.1020009517669678
1.0869991779327393
1.1020021438598633
1.1029994487762451
1.0919997692108154
1.0860013961791992
1.0989995002746582
1.075000524520874
1.0680017471313477
1.0700011253356934
1.0690009593963623
1.086000680923462
1.0850005149841309
1.070000171661377
1.102001428604126
1.088001012802124
1.1160008907318115
1.1110002994537354
1.1120007038116455
1.1270005702972412
1.0990004539489746
1.122002363204956
1.1069996356964111
1.1129999160766602
1.1309995651245117
1.1239988803863525
1.1470000743865967
1.0999984741210938
1.0670006275177002
1.066999912261963
1.1019999980926514
1.0950002670288086
1.1170003414154053
1.0910000801086426
1.0919992923736572
1.081998586654663
1.095001220703125
1.0860002040863037
1.0709998607635498
1.080000400543213
1.0830004215240479
1.0729985237121582
1.0740001201629639
1.0769991874694824
1.096998929977417
1.0899994373321533
1.0879991054534912
1.0849993228912354
1.090998888015747
1.0899996757507324
1.082000732421875
1.1020004749298096
1.06600022315979
1.088000774383545
1.084000825881958
0.6230006217956543
0.39999914169311523
1.1049985885620117
1.0789997577667236
1.1199982166290283
1.0709989070892334
1.0820002555847168
1.0960006713867188
1.0799999237060547
1.0879995822906494
1.0820000171661377
1.1090006828308105
1.0790002346038818
1.1000001430511475
1.1050012111663818
1.0860002040863037
1.089998722076416
1.0790011882781982
1.1029994487762451
1.0870025157928467
1.0959997177124023
1.0819995403289795
1.0830001831054688
1.07999849319458
1.0880017280578613
1.0829999446868896
1.081000804901123
1.101999044418335
1.0899999141693115
1.0889992713928223
1.090001106262207
1.0809993743896484
1.1020011901855469
1.102999210357666
1.1020004749298096
1.1060006618499756
1.121999740600586
1.0699999332427979
1.0980002880096436
1.0789997577667236
1.0950002670288086
1.090000867843628
1.080000638961792
1.0870001316070557
1.0980017185211182
1.0940015316009521
1.1150004863739014
1.0919997692108154
1.1050002574920654
1.0850012302398682
1.087001085281372
1.0909981727600098
1.0939996242523193
1.096998929977417
1.0780000686645508
1.0929985046386719
1.0869996547698975
1.097001075744629
1.0870018005371094
1.112999677658081
1.0870001316070557
1.0929996967315674
1.0740015506744385
1.1030008792877197
1.1210007667541504
1.101001262664795
1.0970005989074707
1.100999355316162
1.0819981098175049
1.0939991474151611
1.103001594543457
1.089000940322876
1.094001293182373
1.0910007953643799
1.0949995517730713
1.1049985885620117
1.1120007038116455
1.1040005683898926
1.1039998531341553
1.080000877380371
1.068000078201294
1.0700008869171143
1.080000877380371
1.0860016345977783
1.0709998607635498
1.0910003185272217
1.0700008869171143
1.086000680923462
1.1050007343292236
1.089001178741455
1.0700008869171143
1.0849997997283936
1.082000494003296
1.086000680923462
1.073000431060791
1.106001377105713
1.0679996013641357
1.0970008373260498
1.082003116607666
1.0819997787475586
1.0810036659240723
0.5969974994659424
1.071000337600708
1.099999189376831
1.0750000476837158
1.0780014991760254
1.0690009593963623
1.0730009078979492
1.0819993019104004
1.0799989700317383
1.0870006084442139
1.0709996223449707
1.0909996032714844
1.0980005264282227
1.0700008869171143
1.0860013961791992
1.084000825881958
1.067000150680542
1.081000804901123
1.0810010433197021
1.080000877380371
1.0880002975463867
1.0759999752044678
1.095000982284546
1.1090006828308105
1.080000877380371
1.077998399734497
1.087001085281372
1.0869989395141602
1.0829997062683105
1.070000171661377
1.102001428604126
1.088000774383545
1.1020011901855469
1.0870013236999512
1.0909998416900635
1.068000316619873
1.084000587463379
1.0649995803833008
1.092998743057251
1.062999963760376
1.100998878479004
1.0800001621246338
1.0879995822906494
1.0710015296936035
1.070000410079956
1.0829999446868896
1.0900006294250488
1.0829999446868896
1.0930006504058838
1.0950005054473877
1.0899991989135742
1.0809991359710693
1.0949983596801758
1.0880002975463867
1.0669982433319092
1.0740008354187012
1.069000244140625
1.069000005722046
1.1010029315948486
1.1070005893707275
1.1030006408691406
1.085000991821289
1.0809991359710693
1.0909998416900635
1.086998462677002
1.0799992084503174
1.088000774383545
1.0870018005371094
1.1090006828308105
1.1099998950958252
1.1080007553100586
1.094001054763794
1.065999984741211
1.0880014896392822
1.0780014991760254
1.0829992294311523
1.0670013427734375
1.0699999332427979
1.0940001010894775
1.0929999351501465
1.085000991821289
1.1050012111663818
1.0999994277954102
1.0989995002746582
1.077000379562378
1.082000970840454
1.0850000381469727
1.0820016860961914
1.0869991779327393
1.108999490737915
1.0979993343353271
1.0899991989135742
1.0809993743896484
1.119999647140503
1.0960001945495605
1.1039988994598389
1.0900006294250488
1.086000919342041
1.1040008068084717
1.1110005378723145
0.5780010223388672
0.3939990997314453
1.7470006942749023
1.7349987030029297
0.5739991664886475
0.84200119972229
0.40399885177612305
1.2510011196136475
0.5920000076293945
0.917999267578125
0.5019996166229248
1.1770050525665283
1.155000925064087
1.1770026683807373
1.1659996509552002
1.1599998474121094
1.160999059677124
1.160999059677124
1.1680004596710205
1.1700000762939453
1.166001558303833
1.165999174118042
1.159001111984253
1.190000295639038
1.1739997863769531
1.1790008544921875
1.1550004482269287
1.1610002517700195
1.169999599456787
1.1650011539459229
1.1790013313293457
1.1780006885528564
1.1550014019012451
1.1780014038085938
1.1790037155151367
1.1479997634887695
1.178999423980713
1.1510000228881836
1.1820011138916016
1.1490004062652588
1.1550004482269287
1.184000015258789
1.1880006790161133
1.1959993839263916
1.1599996089935303
1.1610004901885986
1.156001329421997
1.182999849319458
1.1689996719360352
1.1710002422332764
1.157001256942749
1.1540017127990723
1.1580016613006592
1.2059991359710693
1.1690003871917725
1.178999662399292
1.165001392364502
1.1919994354248047
1.1760001182556152
1.1590008735656738
1.167999505996704
1.1710011959075928
1.1660008430480957
1.152998685836792
1.1740012168884277
1.1740000247955322
1.15800142288208
1.1660032272338867
1.1610002517700195
1.1600010395050049
1.1649994850158691
1.1750009059906006
1.1870002746582031
1.186000108718872
1.1629984378814697
1.183000087738037
1.1640009880065918
1.1640009880065918
1.15800142288208
1.1750013828277588
1.1590008735656738
1.1789991855621338
1.1510009765625
1.1799993515014648
1.1670000553131104
1.160001277923584
1.1710004806518555
1.1789991855621338
1.1559998989105225
1.1700003147125244
1.1449995040893555
1.1760005950927734
1.163001298904419
1.160001277923584
1.179001808166504
1.1690001487731934
1.1760008335113525
1.165999412536621
1.165998935699463
1.187999963760376
1.1600010395050049
1.163999319076538
1.1769988536834717
1.1749982833862305
1.201002597808838
1.179004430770874
1.1709997653961182
1.1660001277923584
1.1760010719299316
1.1650004386901855
0.753000020980835
0.9010002613067627
0.4999997615814209
1.2719991207122803
0.5050008296966553
0.9120004177093506
0.4230005741119385
1.1470005512237549
1.1630001068115234
1.1800010204315186
1.177001714706421
1.188004732131958
1.1470000743865967
1.1730003356933594
1.1829988956451416
1.153000831604004
1.1889991760253906
1.2049994468688965
1.1639997959136963
1.1629981994628906
1.1809990406036377
1.190000295639038
1.1560022830963135
1.1450014114379883
1.1620004177093506
1.1642508506774902
1.1680009365081787
1.1610004901885986
1.1459999084472656
1.1460003852844238
1.1710014343261719
1.1809978485107422
1.1870017051696777
1.1520001888275146
1.1670997142791748
1.1500003337860107
1.1740000247955322
1.1560003757476807
1.174999475479126
1.1690013408660889
1.1460003852844238
1.164001703262329
1.1619999408721924
1.1560020446777344
1.1470003128051758
1.1440000534057617
1.1590003967285156
1.1420001983642578
1.1519997119903564
1.137000322341919
1.141000747680664
1.1560001373291016
1.1700010299682617
1.1550633907318115
1.1531248092651367
1.1570019721984863
1.1770014762878418
1.1440014839172363
1.1650004386901855
1.1629998683929443
1.1409993171691895
1.172001838684082
1.18300199508667
1.1480002403259277
1.1750001907348633
1.1580002307891846
1.1570007801055908
1.1450002193450928
1.1590006351470947
1.160001277923584
1.1940011978149414
1.232001543045044
1.2150013446807861
1.2350001335144043
1.1720020771026611
1.2149989604949951
1.2159993648529053
1.1530025005340576
1.1399993896484375
1.1859996318817139
1.1890032291412354
1.1959996223449707
1.1810009479522705
1.1630001068115234
1.2159996032714844
1.203002691268921
1.195000410079956
1.1929988861083984
1.1959967613220215
1.1720001697540283
1.2220001220703125
1.2099995613098145
1.2199997901916504
1.2050015926361084
1.1730008125305176
1.162001132965088
1.1610007286071777
1.1710007190704346
1.2039997577667236
1.1840026378631592
1.2120003700256348
1.207000494003296
1.2089993953704834
1.1830012798309326
1.211000919342041
1.1939990520477295
0.6249995231628418
0.9400007724761963
0.42600035667419434
1.7580010890960693
0.576000452041626
1.6499989032745361
0.6329994201660156
0.5769996643066406
0.5850000381469727
0.7079999446868896
0.39299821853637695
0.581000804901123
0.5789995193481445
0.5999999046325684
0.6040010452270508
0.4200007915496826
0.5610020160675049
0.6109983921051025
0.5059993267059326
0.646000862121582
0.6469995975494385
1.6469993591308594
1.253000020980835
0.5659990310668945
0.8960001468658447
0.479001522064209
1.2189991474151611
1.233999252319336
1.2039997577667236
1.2360014915466309
1.2350006103515625
1.2209997177124023
1.1520004272460938
1.1899995803833008
1.202998399734497
1.1940007209777832
1.1780011653900146
1.1600000858306885
1.1530015468597412
1.227999210357666
1.259000539779663
1.2770018577575684
1.2889995574951172
1.2710001468658447
1.2799999713897705
1.2770001888275146
1.2720000743865967
1.279001235961914
1.199000597000122
1.2109994888305664
1.2070002555847168
1.1980013847351074
1.2009985446929932
1.212998867034912
1.203000783920288
1.174999475479126
1.193000316619873
1.1939988136291504
1.1739990711212158
1.1800007820129395
1.2169997692108154
1.1900012493133545
1.2119996547698975
1.2090003490447998
1.1669983863830566
1.194000005722046
1.199000597000122
1.1949994564056396
1.22999906539917
1.2229983806610107
1.2210009098052979
1.2270004749298096
1.2039997577667236
1.2310009002685547
1.1999986171722412
1.2259979248046875
1.2070002555847168
1.2439994812011719
1.204000473022461
1.2059993743896484
1.1979997158050537
1.2210021018981934
1.2190008163452148
1.217003583908081
1.2130000591278076
1.2170004844665527
1.2059988975524902
1.1999990940093994
1.2029988765716553
1.2389991283416748
1.2230000495910645
1.1990008354187012
1.2270007133483887
1.1989998817443848
1.1959996223449707
1.2220020294189453
1.2090001106262207
1.2449984550476074
1.2020008563995361
1.2339990139007568
1.221998691558838
1.2210004329681396
1.2259998321533203
1.201000452041626
1.2260005474090576
1.1979994773864746
1.2159998416900635
1.233001470565796
1.2260017395019531
1.2240006923675537
1.195000171661377
1.2150003910064697
1.1939995288848877
1.19700026512146
1.218998908996582
1.1970031261444092
1.2050001621246338
1.2089989185333252
1.2190005779266357
1.2189984321594238
1.237001657485962
1.216001272201538
1.2140007019042969
1.2050034999847412
1.2230000495910645
0.5959987640380859
0.9119997024536133
0.5080001354217529
1.0400006771087646
0.7709991931915283
0.913001537322998
0.5370016098022461
1.1630017757415771
1.1659996509552002
1.1579999923706055
1.160001516342163
1.1670007705688477
1.2029993534088135
1.1829991340637207
1.1879997253417969
1.184999704360962
1.1969995498657227
1.2160000801086426
1.1730012893676758
1.173999547958374
1.1900012493133545
1.1779985427856445
1.1950013637542725
1.2000629901885986
1.2059998512268066
1.1860005855560303
1.1860008239746094
1.1840007305145264
1.1949999332427979
1.1929991245269775
1.1990020275115967
1.2080409526824951
1.1870002746582031
1.1930005550384521
1.2019994258880615
1.1969995498657227
1.208000659942627
1.1870012283325195
1.221999168395996
1.192000389099121
1.1879982948303223
1.1990017890930176
1.1970019340515137
1.1889991760253906
1.2170002460479736
1.214998722076416
1.200002670288086
1.2039990425109863
1.1849989891052246
1.2080459594726562
1.1899993419647217
1.2189984321594238
1.1870012283325195
1.1970007419586182
1.209000587463379
1.2069997787475586
1.181999683380127
1.1910011768341064
1.2159996032714844
1.1910006999969482
1.2160015106201172
1.18400239944458
1.183000087738037
1.2010018825531006
1.1989996433258057
1.1929998397827148
1.193000078201294
1.1880013942718506
1.200000524520874
1.2010002136230469
1.1939990520477295
1.1939992904663086
1.2019987106323242
1.1920030117034912
1.193547248840332
1.196000337600708
1.1910021305084229
1.1959989070892334
1.206000566482544
1.1939985752105713
1.204000473022461
1.192000150680542
1.1979997158050537
1.1929993629455566
1.1880004405975342
1.1940016746520996
1.1870014667510986
1.2160005569458008
1.2019991874694824
1.1820006370544434
1.187000036239624
1.205000400543213
1.196000337600708
1.1869995594024658
1.1859996318817139
1.1870005130767822
1.2089989185333252
1.2090001106262207
1.2140007019042969
1.1930015087127686
1.2119994163513184
1.1860017776489258
1.1930010318756104
1.2060000896453857
1.1849987506866455
1.206000566482544
0.6780002117156982
0.9100015163421631
0.5229990482330322
1.305999755859375
0.5109989643096924
0.9260001182556152
0.46899962425231934
1.2980003356933594
0.44499850273132324
1.1880030632019043
1.1989994049072266
1.1829993724822998
1.192000150680542
1.1869990825653076
1.231999397277832
1.1890010833740234
1.204998254776001
1.198000192642212
1.2039988040924072
1.2270002365112305
1.2030000686645508
1.1870007514953613
1.1969997882843018
1.181999683380127
1.1979990005493164
1.2029991149902344
1.2009992599487305
1.1969985961914062
1.2050001621246338
1.2020001411437988
1.1979987621307373
1.1910011768341064
1.181999683380127
1.2150018215179443
1.1939997673034668
1.2090001106262207
1.1919996738433838
1.2029995918273926
1.200000524520874
1.212998867034912
1.196000337600708
1.1830010414123535
1.1889986991882324
1.211000919342041
1.1900005340576172
1.202000379562378
1.18399977684021
1.1949989795684814
1.210000991821289
1.1929988861083984
1.171999454498291
1.2099969387054443
1.195000171661377
1.2009990215301514
1.2009990215301514
1.1879994869232178
1.2109990119934082
1.2149991989135742
1.2109999656677246
1.193000078201294
1.210998773574829
1.196000576019287
1.1900019645690918
1.1900012493133545
1.1799993515014648
1.2189991474151611
1.205000400543213
1.1909987926483154
1.213000774383545
1.2080028057098389
1.2070000171661377
1.1850001811981201
1.2140023708343506
1.2040016651153564
1.190000295639038
1.1979987621307373
1.180999517440796
1.216001033782959
1.2089991569519043
1.2089989185333252
1.180999994277954
1.2060000896453857
1.1920020580291748
1.2090024948120117
1.1879994869232178
1.1879987716674805
1.2049996852874756
1.1949994564056396
1.2019994258880615
1.1929998397827148
1.2240016460418701
1.194000005722046
1.2059993743896484
1.1949994564056396
1.210998773574829
1.1870012283325195
1.190000057220459
1.2019999027252197
1.2039995193481445
1.1770002841949463
1.226999044418335
1.1829993724822998
1.198000192642212
1.2050001621246338
1.2089993953704834
1.1900012493133545
1.1929972171783447
1.1900005340576172
0.4679985046386719
1.1859996318817139
1.200000524520874
1.1820006370544434
1.206000804901123
1.1919991970062256
1.1969995498657227
1.2029991149902344
1.1850008964538574
1.202000379562378
1.1909992694854736
1.2060000896453857
1.1810014247894287
1.2010009288787842
1.1909987926483154
1.2300441265106201
1.2000670433044434
1.207310438156128
1.1990001201629639
1.2080001831054688
1.193000078201294
1.21799898147583
1.1849992275238037
1.2160000801086426
1.2029998302459717
1.1879994869232178
1.2019996643066406
1.201000690460205
1.197000503540039
1.1839993000030518
1.1959998607635498
1.1880009174346924
1.2109992504119873
1.197000503540039
1.1840009689331055
1.190999984741211
1.2240002155303955
1.2079992294311523
1.2070012092590332
1.2039992809295654
1.1940019130706787
1.2120003700256348
1.206998586654663
1.195000410079956
1.1940016746520996
1.1879987716674805
1.1939995288848877
1.1890020370483398
1.1929996013641357
1.1829991340637207
1.1909997463226318
1.210998773574829
1.2049992084503174
1.1909983158111572
1.2059996128082275
1.2089989185333252
1.2039992809295654
1.196000337600708
1.1960010528564453
1.189000129699707
1.2040011882781982
1.1879818439483643
1.2259998321533203
1.24399995803833
1.2400000095367432
1.2180018424987793
1.2460012435913086
1.3230013847351074
1.2100005149841309
1.292999267578125
1.216001272201538
1.2329988479614258
1.2550008296966553
1.2420008182525635
1.2270002365112305
1.2020001411437988
1.2340056896209717
1.239999771118164
1.2339997291564941
1.2339999675750732
1.2300000190734863
1.2039999961853027
1.2430014610290527
1.2396399974822998
1.284003496170044
1.2270023822784424
1.2130012512207031
1.258000135421753
1.2519991397857666
1.252997636795044
1.2519986629486084
1.2339985370635986
1.2309989929199219
1.2310006618499756
1.2309980392456055
1.195000171661377
1.2489988803863525
1.1969995498657227
1.235001802444458
1.2789998054504395
0.633000373840332
0.9370386600494385
0.49500274658203125
1.2749996185302734
1.2178757190704346
1.2660009860992432
1.2159998416900635
1.2370002269744873
1.2865171432495117
1.2130002975463867
1.2400012016296387
1.246999979019165
1.2479979991912842
1.2110004425048828
1.2699987888336182
1.239999532699585
1.2430012226104736
1.2179994583129883
1.2699999809265137
1.2539987564086914
1.2650015354156494
1.2380006313323975
1.2560012340545654
1.2700011730194092
1.279001235961914
1.2520008087158203
1.266998291015625
1.2479989528656006
1.2600011825561523
1.2770025730133057
1.251002311706543
1.2749998569488525
1.2300009727478027
1.2460012435913086
1.2630009651184082
1.267998218536377
1.2730038166046143
1.218000888824463
1.297999382019043
1.2159981727600098
1.3030025959014893
1.2609987258911133
1.2550013065338135
1.2609989643096924
1.2820005416870117
1.2280001640319824
1.2629985809326172
1.254967451095581
1.256998062133789
1.2329990863800049
1.2399990558624268
1.239001750946045
1.1999976634979248
1.2610013484954834
1.2520005702972412
1.3210017681121826
1.28800368309021
1.2349987030029297
1.2029998302459717
1.251999855041504
1.2840001583099365
1.2301459312438965
1.2339990139007568
1.226999044418335
1.2359998226165771
1.245999813079834
1.2239997386932373
1.239999532699585
1.234999656677246
1.2329990863800049
1.232999324798584
1.2469666004180908
1.2679996490478516
1.2380006313323975
1.262000322341919
1.2090001106262207
1.2370009422302246
1.2500004768371582
1.2440004348754883
1.2360014915466309
1.2519991397857666
1.2519645690917969
1.3099663257598877
1.2779662609100342
1.2420001029968262
1.257997751235962
1.2599992752075195
1.258000135421753
1.2589983940124512
1.2439987659454346
1.2409999370574951
1.2730000019073486
1.2509984970092773
1.2540009021759033
1.2570009231567383
1.3140029907226562
1.2530004978179932
1.2490007877349854
1.2720000743865967
1.261000156402588
1.2550008296966553
1.2890031337738037
0.5889992713928223
1.271000862121582
1.2279996871948242
1.252012014389038
1.2559998035430908
1.2849998474121094
1.2270004749298096
1.2380013465881348
1.2480027675628662
1.2710020542144775
1.2610011100769043
1.2619996070861816
1.227001428604126
1.2489991188049316
1.2660024166107178
1.2610018253326416
1.259000301361084
1.2970025539398193
1.2139999866485596
1.3040008544921875
1.226001262664795
1.3100037574768066
1.2150003910064697
1.252601146697998
1.233999490737915
1.292999029159546
1.2330005168914795
1.2009646892547607
1.2349703311920166
1.2410004138946533
1.199998378753662
1.2029995918273926
1.254000186920166
1.2689995765686035
1.2360002994537354
1.2180004119873047
1.237001657485962
1.2439994812011719
1.2609977722167969
1.2250020503997803
1.206000566482544
1.2740004062652588
1.2410013675689697
1.2019994258880615
1.2569994926452637
1.2380001544952393
1.2380015850067139
1.2049977779388428
1.2610013484954834
1.2750005722045898
1.205000400543213
1.2490005493164062
1.2459716796875
1.231001615524292
1.2790000438690186
1.282996654510498
1.2150001525878906
1.2680015563964844
1.24399995803833
1.2429990768432617
1.199998140335083
1.2459969520568848
1.2240016460418701
1.2010002136230469
1.1979985237121582
1.2859976291656494
1.2290012836456299
1.2030000686645508
1.264997959136963
1.2379686832427979
1.2310028076171875
1.2440011501312256
1.2029991149902344
1.2749991416931152
1.2310009002685547
1.2440035343170166
1.2000010013580322
1.2339982986450195
1.2390007972717285
1.2079999446868896
1.230989933013916
1.271000862121582
1.2049994468688965
1.267000436782837
1.1990008354187012
1.2609734535217285
1.2380015850067139
1.267998218536377
1.2759997844696045
1.2289998531341553
1.2310009002685547
1.2350008487701416
1.2000000476837158
1.2539730072021484
1.2320005893707275
1.2690012454986572
1.2103312015533447
1.2570385932922363
1.2289772033691406
1.310997724533081
0.4090003967285156
0.5139987468719482
0.5689992904663086
0.567000150680542
0.5209994316101074
0.4869983196258545
1.8460004329681396
0.5159997940063477
0.6190016269683838
0.5739984512329102
0.6850004196166992
0.6560008525848389
1.7680015563964844
0.464000940322876
1.1560020446777344
1.1899998188018799
1.1320021152496338
1.1560022830963135
1.121000051498413
1.1620028018951416
1.1290009021759033
1.2040011882781982
1.123000144958496
1.171001672744751
1.1244678497314453
1.1680023670196533
1.1259994506835938
1.1989994049072266
1.175001621246338
1.1780002117156982
1.199000597000122
1.1199994087219238
1.203002691268921
1.1360008716583252
1.1640028953552246
1.1870007514953613
1.1279985904693604
1.1209979057312012
1.1129977703094482
1.0970003604888916
1.1010010242462158
1.1119978427886963
1.122999906539917
1.1180012226104736
1.1239991188049316
1.1010017395019531
1.1089975833892822
1.1040005683898926
1.1119983196258545
1.1030023097991943
1.1109983921051025
1.1090006828308105
1.1119990348815918
1.1109991073608398
1.0930030345916748
1.1110026836395264
1.0930018424987793
1.0900001525878906
1.0990016460418701
1.1029994487762451
1.085003137588501
1.1030011177062988
1.1010005474090576
1.0889997482299805
1.0959999561309814
1.1080009937286377
1.0900018215179443
1.1120023727416992
1.103001594543457
1.1090011596679688
1.1190011501312256
1.1029996871948242
1.090003252029419
1.107001543045044
1.09299898147583
1.115999698638916
1.0989999771118164
1.1180005073547363
1.1059973239898682
1.1049997806549072
1.1270029544830322
1.1150026321411133
1.1099998950958252
1.0950007438659668
1.0909996032714844
1.0960001945495605
1.107001543045044
1.1029999256134033
1.103001356124878
1.093998908996582
1.110002040863037
1.0920019149780273
1.1140015125274658
1.1100006103515625
1.1119990348815918
1.105001449584961
1.1240010261535645
1.1160013675689697
1.0970017910003662
1.1130006313323975
1.1079998016357422
1.1170015335083008
1.114999771118164
1.109999656677246
1.111999750137329
1.114065408706665
1.1100027561187744
1.1100008487701416
1.11800217628479
1.1190001964569092
1.1130001544952393
1.121000051498413
1.1080000400543213
0.6420016288757324
0.5849995613098145
0.5850017070770264
1.7739999294281006
0.5830011367797852
0.673001766204834
0.3990025520324707
0.6050009727478027
0.5850036144256592
0.7910010814666748
0.5840001106262207
0.5959999561309814
0.8060002326965332
0.4009995460510254
0.6070020198822021
0.8250000476837158
0.40199947357177734
0.5319995880126953
0.6009995937347412
0.5229980945587158
0.6370015144348145
0.514000654220581
0.5349981784820557
0.5140008926391602
0.6889994144439697
1.1900043487548828
0.5950045585632324
0.9670007228851318
0.5820000171661377
1.3590009212493896
0.5490009784698486
0.935967206954956
0.5380024909973145
1.182999610900879
0.6244990825653076
1.0249993801116943
0.5849969387054443
1.2879996299743652
1.2670016288757324
1.2709972858428955
1.333000898361206
1.301999807357788
1.2760016918182373
1.2979998588562012
1.3000001907348633
1.2850008010864258
1.2780001163482666
1.2870008945465088
1.3280014991760254
1.2780020236968994
1.2790007591247559
1.2810006141662598
1.3290011882781982
1.2730011940002441
1.2760002613067627
1.302001714706421
1.333000659942627
1.2880003452301025
1.2780017852783203
1.2940008640289307
1.2970001697540283
1.280001163482666
1.2740004062652588
1.2960007190704346
1.3319973945617676
1.285001277923584
1.287001371383667
1.2870004177093506
1.3150014877319336
1.2910008430480957
1.2820017337799072
1.2730004787445068
1.3090009689331055
1.262998342514038
1.2760016918182373
1.279998540878296
1.317000150680542
1.265000581741333
1.2559962272644043
1.283998966217041
1.3000004291534424
1.2679996490478516
1.2630000114440918
1.2900004386901855
1.3209679126739502
1.2750027179718018
1.267000675201416
1.2739994525909424
1.3319993019104004
1.2769982814788818
1.2739648818969727
1.273000717163086
1.2800030708312988
1.3249597549438477
1.2659978866577148
1.2740004062652588
1.2830018997192383
1.313002347946167
1.2919998168945312
1.269998550415039
1.2530004978179932
1.2670011520385742
1.3050014972686768
1.2629685401916504
1.2660009860992432
1.3019993305206299
1.2870020866394043
1.2629997730255127
1.2629997730255127
1.2500007152557373
1.2370002269744873
1.2339999675750732
1.2219996452331543
1.2530009746551514
1.2320010662078857
1.203000783920288
1.2300004959106445
1.2359983921051025
1.2230024337768555
1.2179999351501465
1.2219998836517334
1.2439982891082764
1.2190001010894775
1.2190003395080566
1.1719996929168701
1.2039999961853027
1.1795008182525635
1.186000108718872
1.2050037384033203
1.2399983406066895
1.2140014171600342
1.2040009498596191
1.1880006790161133
1.1950008869171143
1.1899995803833008
1.1950016021728516
0.5320005416870117
0.9159994125366211
0.4979987144470215
1.012000322341919
0.6759982109069824
0.9220016002655029
0.501000165939331
1.1599998474121094
1.1660001277923584
1.1690003871917725
1.1710007190704346
1.1550004482269287
1.1649999618530273
1.190000295639038
1.1530003547668457
1.1589980125427246
1.180002212524414
1.1630003452301025
1.1570014953613281
1.1660008430480957
1.1830003261566162
1.1750006675720215
1.1470005512237549
1.1830008029937744
1.1600000858306885
1.161999225616455
1.196000337600708
1.1520013809204102
1.181001901626587
1.16400146484375
1.163999319076538
1.1580002307891846
1.1519989967346191
1.172999620437622
1.1670005321502686
1.17000150680542
1.1489999294281006
1.1549994945526123
1.1540021896362305
1.1710014343261719
1.176999807357788
1.1510000228881836
1.1560001373291016
1.1519999504089355
1.1769990921020508
1.1509993076324463
1.1419999599456787
1.157001256942749
1.1730000972747803
1.1429998874664307
1.1520013809204102
1.1610000133514404
1.1750001907348633
1.156001091003418
1.156998872756958
1.157001256942749
1.1470000743865967
1.172001838684082
1.149000883102417
1.155001163482666
1.1479995250701904
1.1830003261566162
1.1520016193389893
1.17000150680542
1.1630008220672607
1.1690013408660889
1.163001298904419
1.1459999084472656
1.1429996490478516
1.1720006465911865
1.1420021057128906
1.1800003051757812
1.1560008525848389
1.1680006980895996
1.1440000534057617
1.1640009880065918
1.1530003547668457
1.1780011653900146
1.150998592376709
1.1700010299682617
1.148000717163086
1.1580002307891846
1.167001724243164
1.148998737335205
1.1489989757537842
1.1700007915496826
1.1529998779296875
1.1550004482269287
1.169999599456787
1.1399996280670166
1.1689989566802979
1.156001091003418
1.1760005950927734
1.1579997539520264
1.1410014629364014
1.149000644683838
1.1510002613067627
1.1590001583099365
1.1499989032745361
1.1529991626739502
1.157001256942749
1.1509995460510254
1.1630005836486816
1.143000841140747
1.1480016708374023
1.1559991836547852
0.6740016937255859
1.0220005512237549
0.5069985389709473
1.2690014839172363
0.46900033950805664
0.8500006198883057
0.3839998245239258
1.1620006561279297
1.1630020141601562
1.1519999504089355
1.1950011253356934
1.1630005836486816
1.1679997444152832
1.2020008563995361
1.1550004482269287
1.1700007915496826
1.170999526977539
1.1730012893676758
1.2149991989135742
1.2350003719329834
1.2310001850128174
1.2260003089904785
1.1590006351470947
1.162001371383667
1.1660008430480957
1.162001371383667
1.1570000648498535
1.1930007934570312
1.1710002422332764
1.161001205444336
1.1700000762939453
1.1950006484985352
1.1710007190704346
1.1730003356933594
1.171001672744751
1.1489999294281006
1.1800010204315186
1.2050015926361084
1.2579994201660156
1.2400007247924805
1.235001802444458
1.239001750946045
1.2359986305236816
1.226001501083374
1.2280008792877197
1.1980018615722656
1.2170000076293945
1.2250003814697266
1.23099946975708
1.2219998836517334
1.2070000171661377
1.2229998111724854
1.2049987316131592
1.2090003490447998
1.212001085281372
1.213998794555664
1.2030010223388672
1.215998888015747
1.2239997386932373
1.2159998416900635
1.214003562927246
1.2079994678497314
1.2070002555847168
1.2199995517730713
1.2189991474151611
1.228999137878418
1.2280001640319824
1.2249994277954102
1.2249999046325684
1.2260010242462158
1.2170028686523438
1.2370002269744873
1.2270002365112305
1.2179999351501465
1.219999074935913
1.23099946975708
1.2230021953582764
1.216001033782959
1.2260000705718994
1.2270009517669678
1.2280001640319824
1.213001012802124
1.217998743057251
1.228001594543457
1.2210006713867188
1.2090001106262207
1.2160000801086426
1.1910004615783691
1.2100000381469727
1.2010016441345215
1.2010011672973633
1.196000337600708
1.2010023593902588
1.218000888824463
1.2130002975463867
1.182999849319458
1.214998722076416
1.179999589920044
1.2210006713867188
1.2139995098114014
1.2129991054534912
1.2030012607574463
1.228999376296997
1.214001178741455
1.2019994258880615
1.2130019664764404
0.5159990787506104
0.9249989986419678
0.44899821281433105
1.1900038719177246
1.1730010509490967
1.2140004634857178
1.2009994983673096
1.1780002117156982
1.2049996852874756
1.1940007209777832
1.1709997653961182
1.1870014667510986
1.1750009059906006
1.1979994773864746
1.1870009899139404
1.1940019130706787
1.1999988555908203
1.184000015258789
1.202000617980957
1.2020039558410645
1.2009992599487305
1.1920020580291748
1.1970019340515137
1.2030014991760254
1.2029998302459717
1.1960010528564453
1.2159993648529053
1.2010014057159424
1.1960008144378662
1.1840007305145264
1.1989991664886475
1.2090020179748535
1.1970016956329346
1.2100002765655518
1.1940031051635742
1.2090027332305908
1.1990017890930176
1.2010018825531006
1.2000007629394531
1.2080025672912598
1.1970009803771973
1.2059998512268066
1.21700119972229
1.1970014572143555
1.2079999446868896
1.1980016231536865
1.2100005149841309
1.2050013542175293
1.2120022773742676
1.1790003776550293
1.2010002136230469
1.206000804901123
1.1980020999908447
1.195000410079956
1.2179999351501465
1.1980011463165283
1.1679997444152832
1.1910009384155273
1.1999990940093994
1.2079994678497314
1.213001012802124
1.1880011558532715
1.2199997901916504
1.2040009498596191
1.1979992389678955
1.1930007934570312
1.2050013542175293
1.2000010013580322
1.198002815246582
1.2150013446807861
1.1999986171722412
1.205000400543213
1.2200000286102295
1.1949999332427979
1.1900007724761963
1.2229993343353271
1.1900017261505127
1.2079994678497314
1.2110013961791992
1.1910016536712646
1.173999309539795
1.2109997272491455
1.1960012912750244
1.1930005550384521
1.1890003681182861
1.2100000381469727
1.2070016860961914
1.1830017566680908
1.1990015506744385
1.1870014667510986
1.2010011672973633
1.200000524520874
1.2180006504058838
1.1670005321502686
1.1929993629455566
1.2050023078918457
1.1830010414123535
1.1900007724761963
1.1900010108947754
1.2080011367797852
1.2060034275054932
1.222001314163208
0.6190009117126465
0.9410006999969482
0.5059993267059326
1.1890013217926025
1.1960010528564453
1.1980016231536865
1.1870017051696777
1.211003303527832
1.192000389099121
1.2080018520355225
1.1830034255981445
1.2009999752044678
1.2020015716552734
1.2020001411437988
1.1999990940093994
1.2000007629394531
1.2080011367797852
1.1950035095214844
1.2050023078918457
1.1899998188018799
1.1980030536651611
1.1940009593963623
1.1690003871917725
1.1889991760253906
1.198002815246582
1.1830015182495117
1.1730005741119385
1.1909990310668945
1.1890027523040771
1.2170014381408691
1.1850011348724365
1.1820001602172852
1.201000452041626
1.1990001201629639
1.1810007095336914
1.2059991359710693
1.2019984722137451
1.1799991130828857
1.2149991989135742
1.1830012798309326
1.1940011978149414
1.2000007629394531
1.1969995498657227
1.2050034999847412
1.2069993019104004
1.2049989700317383
1.190000057220459
1.2050018310546875
1.1840012073516846
1.2089993953704834
1.1970007419586182
1.1770007610321045
1.2040002346038818
1.2000010013580322
1.209998369216919
1.1760015487670898
1.1929998397827148
1.192002296447754
1.2099993228912354
1.2039997577667236
1.2100024223327637
1.2109997272491455
1.2100000381469727
1.2020010948181152
1.1970000267028809
1.2100005149841309
1.2039997577667236
1.2039995193481445
1.2019991874694824
1.2030010223388672
1.196000337600708
1.2019994258880615
1.2060010433197021
1.1960012912750244
1.1920013427734375
1.2030003070831299
1.2040011882781982
1.188002347946167
1.192000389099121
1.2029993534088135
1.2020001411437988
1.1950016021728516
1.195000171661377
1.2129995822906494
1.1909992694854736
1.1890010833740234
1.208998680114746
1.189002513885498
1.201000690460205
1.2090003490447998
1.2049999237060547
1.1980011463165283
1.1940011978149414
1.2039990425109863
1.1900019645690918
1.1950006484985352
1.2089989185333252
1.1870005130767822
1.203000545501709
1.1930015087127686
1.1900014877319336
1.205000400543213
0.5389988422393799
1.2070012092590332
1.1910006999969482
1.2139990329742432
1.2019994258880615
1.2119994163513184
1.2020008563995361
1.2050001621246338
1.1940007209777832
1.1799993515014648
1.19700026512146
1.1910006999969482
1.2119996547698975
1.1910028457641602
1.190000295639038
1.2019991874694824
1.199000597000122
1.2030000686645508
1.2010009288787842
1.1939997673034668
1.1679999828338623
1.1989996433258057
1.2080011367797852
1.182999849319458
1.1930010318756104
1.2089998722076416
1.2060019969940186
1.181002140045166
1.1999998092651367
1.2089996337890625
1.198000431060791
1.1990013122558594
1.1959998607635498
1.191999912261963
1.189000129699707
1.1890006065368652
1.208000898361206
1.2070024013519287
1.196000099182129
1.2040014266967773
1.2110016345977783
1.196000099182129
1.183000087738037
1.2140016555786133
1.1900019645690918
1.2039999961853027
1.1990010738372803
1.1870017051696777
1.19600248336792
1.1940009593963623
1.1760008335113525
1.2080001831054688
1.1860020160675049
1.211000919342041
1.1790010929107666
1.2080011367797852
1.2040009498596191
1.2060000896453857
1.195000410079956
1.1910021305084229
1.1899993419647217
1.2080013751983643
1.2019994258880615
1.1920018196105957
1.199000597000122
1.2010002136230469
1.1950016021728516
1.2130012512207031
1.2280001640319824
1.2030010223388672
1.2139999866485596
1.2209992408752441
1.2049992084503174
1.1920011043548584
1.2030019760131836
1.2010002136230469
1.2139995098114014
1.2109992504119873
1.2269997596740723
1.2190005779266357
1.237999439239502
1.2439992427825928
1.2209985256195068
1.231999397277832
1.210998773574829
1.2249996662139893
1.2419984340667725
1.2290003299713135
1.2120013236999512
1.241999626159668
1.2299995422363281
1.2259984016418457
1.1999993324279785
1.1880011558532715
1.204998254776001
1.2200002670288086
1.2010002136230469
1.1989989280700684
1.1969997882843018
1.1710009574890137
0.45599889755249023
1.0440025329589844
0.5929989814758301
1.0219991207122803
0.41499948501586914
1.1610009670257568
1.1590003967285156
1.1640007495880127
1.1640005111694336
1.1540019512176514
1.2230000495910645
1.1980020999908447
1.167999029159546
1.1140000820159912
1.123002529144287
1.1110010147094727
1.1229994297027588
1.1280009746551514
1.0999994277954102
1.105999231338501
1.0970008373260498
1.099001169204712
1.097001075744629
1.09800124168396
1.0950002670288086
1.1070005893707275
1.096998929977417
1.0960001945495605
1.1230006217956543
1.0980002880096436
1.1040010452270508
1.0979993343353271
1.1320009231567383
1.2520010471343994
1.2310006618499756
1.2109992504119873
1.2169990539550781
1.195002794265747
1.2249999046325684
1.2149994373321533
1.2000038623809814
1.1760001182556152
1.2119994163513184
1.2169997692108154
1.210998773574829
1.1770009994506836
1.1990001201629639
1.2190005779266357
1.2030019760131836
1.2090015411376953
1.1900012493133545
1.2040045261383057
1.1760001182556152
1.2070000171661377
1.2239997386932373
1.1940007209777832
1.2070012092590332
1.1589984893798828
1.1880018711090088
1.1849992275238037
1.1889996528625488
1.18400239944458
1.1949999332427979
1.2090013027191162
1.209001064300537
1.1959993839263916
7.090403079986572
2.4730007648468018
5.881001949310303
3.211000919342041
3.5770022869110107
2.5300021171569824
11.454999923706055
2.866999864578247
8.146000862121582
4.26500129699707
2.483999252319336
3.9790000915527344
3.1980013847351074
7.772001266479492
4.258001327514648
2.856999397277832
7.420000314712524
3.907999277114868
5.903000116348267
2.502000093460083
5.0329999923706055
2.8750009536743164
10.102001190185547
3.910001516342163
3.9010016918182373
7.093000411987305
4.359999418258667
4.264000177383423
4.771999835968018
4.2769997119903564
2.847001314163208
3.581000328063965
6.263000726699829
7.170001268386841
4.283000469207764
2.8430016040802
3.625999927520752
4.197999477386475
7.086001634597778
4.64600133895874
3.9159998893737793
4.657999515533447
8.952000379562378
4.324000835418701
4.338001728057861
4.7330002784729
5.024001359939575
4.639000415802002
3.8849987983703613
3.811001777648926
6.513000726699829
4.554999589920044
3.8890039920806885
3.8569998741149902
3.993000030517578
5.6109983921051025
5.007000684738159
4.30899977684021
4.261000156402588
4.2690019607543945
4.248000860214233
3.9040019512176514
5.670000314712524
4.291000604629517
3.6470000743865967
4.276000022888184
4.675998210906982
3.59200119972229
3.9420006275177
3.963001251220703
5.047001600265503
4.325998544692993
4.710999250411987
3.552001476287842
4.330000877380371
4.899998188018799
4.166000127792358
4.290998458862305
3.8550004959106445
4.68399977684021
3.9240000247955322
4.362998962402344
5.310999870300293
3.907999277114868
4.977001190185547
3.8962912559509277
3.8399972915649414
4.571999788284302
3.5080018043518066
4.611000061035156
3.8720014095306396
3.523998498916626
3.152000665664673
3.8474643230438232
4.895999431610107
4.204000234603882
5.610001087188721
1.0730006694793701
1.0409979820251465
0.5669994354248047
1.0220003128051758
1.0219995975494385
0.5609996318817139
7.2379982471466064
2.522010087966919
5.986998796463013
2.962998867034912
3.5250279903411865
2.370570421218872
10.795459508895874
2.702005386352539
8.00500202178955
4.1920013427734375
2.3890023231506348
3.804001569747925
3.080000400543213
7.441000461578369
4.127999782562256
2.820000171661377
7.090009689331055
3.694999933242798
5.535000801086426
2.3269996643066406
4.728000164031982
2.6760010719299316
9.546179294586182
3.6410017013549805
3.6499998569488525
6.60200047492981
4.067000389099121
3.9840002059936523
4.450000047683716
4.005000352859497
2.637000560760498
3.3250021934509277
5.841543436050415
6.690000057220459
3.9909987449645996
2.635998487472534
3.400001049041748
4.022999048233032
6.707001209259033
4.3399999141693115
3.660999298095703
4.2900004386901855
8.624720096588135
4.085001230239868
4.019001722335815
4.546506881713867
4.8531529903411865
4.4575042724609375
3.7436952590942383
3.7049994468688965
6.230999708175659
4.324999809265137
3.689000368118286
3.638000011444092
3.7020013332366943
5.280001401901245
4.682000160217285
4.052001476287842
4.01200008392334
4.011999845504761
3.9800004959106445
3.674999713897705
5.3150012493133545
4.104999780654907
3.4340014457702637
3.9849987030029297
4.540999889373779
3.3299999237060547
3.7019999027252197
3.769000291824341
4.815001010894775
4.055002689361572
4.463006258010864
3.332000494003296
4.139793634414673
4.719001531600952
4.091000556945801
4.108000040054321
3.778000831604004
4.419001340866089
3.7580015659332275
4.038001775741577
4.996999979019165
3.8099982738494873
4.922999382019043
3.7380011081695557
3.7339999675750732
4.394509553909302
3.333000659942627
4.394999742507935
3.678004741668701
3.420001268386841
3.138002872467041
3.8050010204315186
4.89400053024292
4.0299999713897705
5.4289984703063965
1.0360000133514404
1.0520000457763672
1.039001703262329
6.757000207901001
2.362999677658081
5.605648994445801
3.0139200687408447
3.342513084411621
2.3569982051849365
10.736997604370117
2.6929972171783447
8.07399868965149
4.000999689102173
2.3239991664886475
3.7539994716644287
3.0040030479431152
7.322000741958618
4.0069968700408936
2.690000057220459
7.018009185791016
3.9130008220672607
6.0025107860565186
2.606001138687134
5.141999006271362
2.884009838104248
10.437001466751099
4.075998306274414
3.956997871398926
7.154000759124756
4.4019997119903564
4.19599986076355
4.52899956703186
4.051999807357788
2.679999828338623
3.3710296154022217
5.92199969291687
6.78999924659729
4.045000076293945
2.672002077102661
3.444000244140625
4.057997703552246
6.773001194000244
4.387998819351196
3.702000379562378
4.327999830245972
8.44300103187561
4.152031898498535
4.218000411987305
4.589000225067139
4.916999101638794
6.770003795623779
2.373002052307129
5.613020181655884
3.0590012073516846
3.3698832988739014
2.3870015144348145
10.865012645721436
2.7529995441436768
7.80199933052063
4.064020872116089
2.3830223083496094
3.8158516883850098
3.067999839782715
7.462000131607056
4.146003007888794
2.7309985160827637
7.14374303817749
3.758000135421753
5.670999765396118
2.397001266479492
4.895001173019409
2.768000364303589
9.651999473571777
3.6379995346069336
3.6350014209747314
6.587001800537109
4.052000522613525
3.974999189376831
4.424001216888428
3.9800000190734863
2.6400012969970703
3.3359994888305664
5.8260016441345215
6.658999681472778
3.979999303817749
2.649000644683838
3.395998954772949
4.025999546051025
6.68899941444397
4.367000579833984
3.6619999408721924
4.270998954772949
8.30899953842163
4.004000425338745
4.249999046325684
4.580000162124634
4.834000110626221
4.392998933792114
3.7059996128082275
3.6800012588500977
6.242000579833984
4.35800313949585
3.7500007152557373
3.809999704360962
3.839001417160034
5.38900899887085
4.785998821258545
4.144000291824341
4.073999881744385
4.070001125335693
4.057001352310181
3.7520012855529785
5.426999568939209
4.026000022888184
3.4349987506866455
4.051000595092773
4.4155049324035645
3.382567882537842
3.725999355316162
3.7460010051727295
4.782999515533447
4.078001499176025
4.461000204086304
3.3459999561309814
4.12999963760376
4.75200080871582
4.025998592376709
4.148000717163086
3.71799898147583
4.406998157501221
3.7029993534088135
4.058486461639404
4.930861473083496
3.7209994792938232
4.752884387969971
3.7189998626708984
3.6890008449554443
4.392000675201416
3.379000663757324
4.445001602172852
3.7230007648468018
3.3770008087158203
3.0429975986480713
3.6949996948242188
4.7190001010894775
4.040000915527344
5.425510883331299
