0.0008981227874755859
0.006070852279663086
0.005175113677978516
0.006411075592041016
0.006480216979980469
0.005735874176025391
0.000988006591796875
0.0008230209350585938
0.0014128684997558594
0.017000436782836914
0.01299905776977539
0.026999473571777344
0.009998798370361328
0.02200150489807129
0.019997596740722656
0.019999980926513672
0.011002063751220703
0.02500295639038086
0.013995885848999023
0.01199960708618164
0.022002458572387695
0.013997793197631836
0.030001401901245117
0.01999950408935547
0.017002105712890625
0.012000083923339844
0.024001121520996094
0.010000944137573242
0.008999109268188477
0.01000070571899414
0.007999658584594727
0.012999296188354492
0.02499866485595703
0.010998725891113281
0.008999347686767578
0.009998559951782227
0.032999515533447266
0.010000228881835938
0.03500103950500488
0.01300191879272461
0.011000871658325195
0.03500223159790039
0.029001712799072266
0.009000778198242188
0.011001110076904297
0.01200103759765625
0.009999990463256836
0.03300023078918457
0.03399991989135742
0.010999679565429688
0.011956214904785156
0.012000799179077148
0.01200103759765625
0.010998964309692383
0.009998559951782227
0.04503345489501953
0.04799914360046387
0.009998559951782227
0.02300262451171875
0.011998176574707031
0.02299785614013672
0.025002479553222656
0.026999950408935547
0.012000560760498047
0.030002355575561523
0.021999835968017578
0.010000228881835938
0.02600240707397461
0.008998632431030273
0.010999917984008789
0.03500008583068848
0.03699946403503418
0.035002708435058594
0.01100301742553711
0.0559995174407959
0.010001897811889648
0.03099966049194336
0.03500008583068848
0.033000946044921875
0.012001514434814453
0.040001869201660156
0.04900074005126953
0.053000688552856445
0.02500176429748535
0.14300179481506348
0.022002696990966797
0.01900196075439453
0.08299970626831055
0.023002147674560547
0.11699771881103516
0.09899663925170898
0.04200243949890137
0.027000904083251953
0.013999223709106445
0.019000768661499023
0.011998891830444336
0.024999618530273438
0.016998767852783203
0.021001577377319336
0.011000871658325195
0.030000925064086914
0.013000249862670898
0.013002395629882812
0.011002540588378906
0.011000394821166992
0.011000394821166992
0.027002811431884766
0.012001991271972656
0.011000394821166992
0.010000944137573242
0.0279996395111084
0.013002634048461914
0.04999852180480957
0.010999917984008789
0.011000871658325195
0.032999277114868164
0.03400111198425293
0.01099848747253418
0.012000083923339844
0.011000871658325195
0.011001110076904297
0.03300118446350098
0.032004356384277344
0.011000871658325195
0.010000944137573242
0.011000871658325195
0.010000944137573242
0.008999824523925781
0.0110015869140625
0.04399991035461426
0.03500103950500488
0.010999917984008789
0.02500128746032715
0.011002302169799805
0.02300262451171875
0.021001577377319336
0.03200078010559082
0.0110015869140625
0.039000749588012695
0.021999120712280273
0.010999679565429688
0.02200007438659668
0.011001110076904297
0.010000467300415039
0.04000139236450195
0.03500008583068848
0.03699970245361328
0.012002706527709961
0.03399944305419922
0.011999845504760742
0.034000396728515625
0.03300189971923828
0.03199934959411621
0.011000871658325195
0.03699755668640137
0.03400063514709473
0.035999298095703125
0.01300191879272461
0.052001237869262695
0.009000778198242188
0.012000799179077148
0.028001785278320312
0.01000070571899414
0.04199409484863281
0.037001848220825195
0.012001514434814453
0.013999700546264648
0.010999917984008789
0.021003246307373047
0.008997917175292969
0.021999359130859375
0.01999950408935547
0.01799798011779785
0.009999275207519531
0.020998716354370117
0.012000799179077148
0.010000467300415039
0.012000799179077148
0.012000322341918945
0.011000871658325195
0.023001670837402344
0.011001825332641602
0.010001182556152344
0.009999990463256836
0.027002811431884766
0.009000539779663086
0.03199934959411621
0.010003089904785156
0.010000467300415039
0.03800201416015625
0.025002002716064453
0.009998083114624023
0.010000467300415039
0.010998010635375977
0.009998083114624023
0.02900218963623047
0.02500009536743164
0.01300191879272461
0.008000373840332031
0.012000560760498047
0.01099848747253418
0.009999752044677734
0.009000539779663086
0.0370025634765625
0.033998727798461914
0.010999679565429688
0.028999805450439453
0.009999752044677734
0.019001245498657227
0.0200045108795166
0.022002220153808594
0.010001659393310547
0.027001619338989258
0.020000696182250977
0.008999347686767578
0.027996540069580078
0.011002302169799805
0.011002540588378906
0.037000417709350586
0.03400158882141113
0.03699994087219238
0.011000394821166992
0.03500056266784668
0.01000213623046875
0.033002614974975586
0.028000593185424805
0.03200125694274902
0.010001420974731445
0.035001516342163086
0.03399801254272461
0.03600168228149414
0.010001897811889648
0.055001258850097656
0.011000394821166992
0.01000070571899414
0.041002750396728516
0.009999990463256836
0.03800034523010254
0.05800056457519531
0.013001203536987305
0.011997699737548828
0.012997150421142578
0.022003173828125
0.010001420974731445
0.02599811553955078
0.01999974250793457
0.017000198364257812
0.010000228881835938
0.02299952507019043
0.010999202728271484
0.009001016616821289
0.011000633239746094
0.010000467300415039
0.012002229690551758
0.023000478744506836
0.010001897811889648
0.010000944137573242
0.011001110076904297
0.0279998779296875
0.015002012252807617
0.034000396728515625
0.010001897811889648
0.011001348495483398
0.029001474380493164
0.026999235153198242
0.010000944137573242
0.010001420974731445
0.01000070571899414
0.009001016616821289
0.031002044677734375
0.03400230407714844
0.009001731872558594
0.012001752853393555
0.010001659393310547
0.010002613067626953
0.010000944137573242
0.009001493453979492
0.04700064659118652
0.03800177574157715
0.011001825332641602
0.025002717971801758
0.012002706527709961
0.018999576568603516
0.020999670028686523
0.021001577377319336
0.01800060272216797
0.039999961853027344
0.022001028060913086
0.010001182556152344
0.029001235961914062
0.011001825332641602
0.011001110076904297
0.03400111198425293
0.03299999237060547
0.03300118446350098
0.014002561569213867
0.04000043869018555
0.011002063751220703
0.03400015830993652
0.03600025177001953
0.03800082206726074
0.011001110076904297
0.04000043869018555
0.042000532150268555
0.03999972343444824
0.014999151229858398
0.051999568939208984
0.01200246810913086
0.01199960708618164
0.028000593185424805
0.009001493453979492
0.04200124740600586
0.03400111198425293
0.012001514434814453
0.014182090759277344
0.011999845504760742
0.018999814987182617
0.009002447128295898
0.0240018367767334
0.018004655838012695
0.024000167846679688
0.016002893447875977
0.006000995635986328
0.002999544143676758
0.005000591278076172
0.0049991607666015625
0.007002115249633789
0.0030019283294677734
0.006001949310302734
0.0039980411529541016
0.010000228881835938
0.0019974708557128906
0.0019991397857666016
0.007999658584594727
0.00699925422668457
0.005999088287353516
0.002000093460083008
0.008002519607543945
0.009000301361083984
0.0030014514923095703
0.006000041961669922
0.00599980354309082
0.003002166748046875
0.003001689910888672
0.001998424530029297
0.0020008087158203125
0.007002353668212891
0.007000446319580078
0.011000394821166992
0.0019996166229248047
0.0019996166229248047
0.009999513626098633
0.0019989013671875
0.0020003318786621094
0.01499795913696289
0.01301121711730957
0.002000093460083008
0.0020012855529785156
0.001998424530029297
0.012001514434814453
0.011999845504760742
0.010999679565429688
0.002000570297241211
0.01000070571899414
0.0019998550415039062
0.0030002593994140625
0.018001556396484375
0.012998104095458984
0.020998477935791016
0.01799917221069336
0.002000570297241211
0.017002582550048828
0.014000177383422852
0.01699995994567871
0.0029997825622558594
0.014000177383422852
0.01199960708618164
0.020999908447265625
0.018000125885009766
0.0029993057250976562
0.0030019283294677734
0.018000364303588867
0.01900172233581543
0.003001689910888672
0.018999814987182617
0.01399993896484375
0.0030007362365722656
0.019999980926513672
0.0029997825622558594
0.005000591278076172
0.003000497817993164
0.003000974655151367
0.0039997100830078125
0.00400090217590332
0.0030012130737304688
0.0029981136322021484
0.005999565124511719
0.0030002593994140625
0.019996166229248047
0.004000425338745117
0.004000186920166016
0.002999544143676758
0.023998260498046875
0.003001689910888672
0.003000974655151367
0.0029990673065185547
0.003000020980834961
0.004000186920166016
0.003000497817993164
0.003000974655151367
0.0029990673065185547
0.0039980411529541016
0.017999649047851562
0.006998300552368164
0.003999233245849609
0.002000093460083008
0.002000093460083008
0.0030014514923095703
0.002000093460083008
0.002001523971557617
0.0029985904693603516
0.0029997825622558594
0.002001047134399414
0.002997875213623047
0.0020008087158203125
0.0020020008087158203
0.0050008296966552734
0.0030012130737304688
0.004998683929443359
0.003000974655151367
0.004001140594482422
0.0029997825622558594
0.00400090217590332
0.004000425338745117
0.003999948501586914
0.006001949310302734
0.003999471664428711
0.0040013790130615234
0.004999876022338867
0.003997087478637695
0.00400090217590332
0.003000020980834961
0.0019989013671875
0.004000186920166016
0.003000974655151367
0.004001140594482422
0.002997875213623047
0.00400233268737793
0.0030014514923095703
0.011998891830444336
0.011998414993286133
0.013001680374145508
0.013000726699829102
0.012000560760498047
0.01400136947631836
0.013001680374145508
0.015002965927124023
0.010999917984008789
0.014001846313476562
0.014999866485595703
0.011999845504760742
0.012000560760498047
0.014002084732055664
0.011000394821166992
0.009999990463256836
0.010999917984008789
0.01199960708618164
0.012000560760498047
0.011999845504760742
0.012998342514038086
0.012998342514038086
0.009999990463256836
0.012999773025512695
0.011998891830444336
0.013999223709106445
0.013999700546264648
0.012997627258300781
0.012999296188354492
0.016999483108520508
0.014001607894897461
0.01199960708618164
0.01199960708618164
0.01399993896484375
0.012998580932617188
0.011997222900390625
0.01400136947631836
0.013998985290527344
0.01200246810913086
0.008999347686767578
0.011999845504760742
0.012000560760498047
0.01299595832824707
0.01199793815612793
0.011998653411865234
0.015000104904174805
0.012998819351196289
0.015000104904174805
0.015000104904174805
0.015999794006347656
0.011998891830444336
0.012000083923339844
0.010999441146850586
0.02300095558166504
0.016999006271362305
0.017002344131469727
0.016000032424926758
0.020000934600830078
0.017000436782836914
0.019001007080078125
0.022002220153808594
0.018999576568603516
0.020000696182250977
0.021000146865844727
0.01999974250793457
0.019999980926513672
0.017001628875732422
0.017998695373535156
0.020001649856567383
0.02300095558166504
0.02700209617614746
0.02299952507019043
0.018000125885009766
0.020002126693725586
0.020000696182250977
0.018001556396484375
0.018000125885009766
0.015000343322753906
0.01799941062927246
0.01799941062927246
0.015999794006347656
0.021001100540161133
0.016998291015625
0.01799941062927246
0.021001815795898438
0.015999555587768555
0.0169980525970459
0.016999006271362305
0.0240018367767334
0.01600027084350586
0.01600050926208496
0.017001867294311523
0.015000343322753906
0.015000343322753906
0.015999317169189453
0.019000768661499023
0.01900005340576172
0.016998767852783203
0.016000986099243164
0.01700115203857422
0.020999908447265625
0.016000032424926758
0.01700139045715332
0.016000032424926758
0.01700115203857422
0.01600027084350586
0.01600027084350586
0.016000747680664062
0.01800227165222168
0.018002033233642578
0.018001079559326172
0.017000675201416016
0.016001224517822266
0.018001079559326172
0.016000747680664062
0.01700115203857422
0.016001224517822266
0.01599884033203125
0.02600240707397461
0.015002012252807617
0.017001867294311523
0.016002655029296875
0.01599907875061035
0.01599884033203125
0.017000675201416016
0.018002748489379883
0.017000198364257812
0.017001628875732422
0.01199960708618164
0.011001348495483398
0.009998083114624023
0.012000560760498047
0.016000032424926758
0.012999534606933594
0.011000633239746094
0.013999223709106445
0.015999555587768555
0.014996051788330078
0.018003463745117188
0.013999700546264648
0.015001773834228516
0.014999628067016602
0.013998031616210938
0.0169980525970459
0.018000125885009766
0.016001462936401367
0.014998912811279297
0.019000768661499023
0.019002437591552734
0.022999286651611328
0.02099919319152832
0.019999980926513672
0.01900005340576172
0.027997732162475586
0.01800084114074707
0.018997907638549805
0.01800370216369629
0.01900315284729004
0.018998384475708008
0.018999338150024414
0.019000530242919922
0.022002696990966797
0.01799941062927246
0.018001556396484375
0.0189974308013916
0.01800060272216797
0.018998146057128906
0.017999649047851562
0.016999244689941406
0.016997814178466797
0.01900172233581543
0.012999773025512695
0.017000913619995117
0.01800060272216797
0.018001079559326172
0.01800060272216797
0.022001266479492188
0.015001773834228516
0.01600170135498047
0.015000343322753906
0.01900029182434082
0.017000913619995117
0.015001296997070312
0.015999794006347656
0.018001079559326172
0.016000747680664062
0.017000913619995117
0.01700115203857422
