0.36041998863220215
0.33193492889404297
0.33798694610595703
0.3285481929779053
0.33732104301452637
0.3308260440826416
0.3435699939727783
0.3442559242248535
0.33045029640197754
0.035001277923583984
0.0370028018951416
0.03900265693664551
0.03699755668640137
0.040000200271606445
0.037000179290771484
0.03599953651428223
0.03599953651428223
0.03600001335144043
0.03699898719787598
0.03700065612792969
0.039002180099487305
0.03899955749511719
0.03699779510498047
0.034001827239990234
0.036998748779296875
0.03500056266784668
0.03699922561645508
0.03499889373779297
0.037000179290771484
0.03400158882141113
0.043003082275390625
0.03600120544433594
0.03800010681152344
0.034001827239990234
0.037000179290771484
0.04000067710876465
0.03604292869567871
0.03699803352355957
0.03600001335144043
0.039000511169433594
0.037000179290771484
0.03603053092956543
0.034981727600097656
0.03598618507385254
0.037001609802246094
0.03602337837219238
0.03599953651428223
0.041997432708740234
0.03800249099731445
0.03700065612792969
0.03799796104431152
0.03800010681152344
0.03699946403503418
0.03700137138366699
0.036997079849243164
0.03800201416015625
0.04297494888305664
0.034999847412109375
0.04000091552734375
0.03600025177001953
0.03596997261047363
0.03800010681152344
0.03599882125854492
0.03600001335144043
0.0410003662109375
0.03699970245361328
0.034999847412109375
0.03500199317932129
0.04000139236450195
0.03699851036071777
0.0370025634765625
0.034999847412109375
0.03699946403503418
0.036000728607177734
0.03999948501586914
0.03800082206726074
0.0370023250579834
0.03700113296508789
0.03599834442138672
0.03599953651428223
0.0390017032623291
0.03599905967712402
0.04600071907043457
0.04600095748901367
0.04200172424316406
0.04700136184692383
0.04300236701965332
0.04700160026550293
0.04400300979614258
0.042999982833862305
0.040999650955200195
0.04000091552734375
0.03700137138366699
0.037001848220825195
0.035001277923583984
0.0370020866394043
0.03499960899353027
0.03799891471862793
0.03599905967712402
0.03800010681152344
0.03999900817871094
0.04000043869018555
0.03599977493286133
0.034998416900634766
0.03600001335144043
0.03600025177001953
0.03599834442138672
0.03599858283996582
0.03799939155578613
0.03500056266784668
0.03500032424926758
0.0370020866394043
0.03399825096130371
0.03599977493286133
0.0390017032623291
0.03600049018859863
0.03800225257873535
0.03500032424926758
0.037000417709350586
0.03799796104431152
0.03600025177001953
0.036997318267822266
0.03699946403503418
0.037000179290771484
0.03700065612792969
0.03699922561645508
0.03600049018859863
0.035997867584228516
0.037000179290771484
0.03600001335144043
0.040000200271606445
0.03699994087219238
0.038999319076538086
0.037999868392944336
0.03900027275085449
0.03899979591369629
0.03599905967712402
0.03599977493286133
0.0390009880065918
0.03699946403503418
0.03700137138366699
0.033998727798461914
0.03799939155578613
0.03699970245361328
0.036000728607177734
0.0410001277923584
0.03699994087219238
0.03500008583068848
0.03700065612792969
0.03699994087219238
0.03600025177001953
0.03599953651428223
0.03799867630004883
0.03800082206726074
0.03599953651428223
0.03500080108642578
0.037000179290771484
0.03699946403503418
0.03700089454650879
0.03599977493286133
0.03500008583068848
0.03900003433227539
0.03600001335144043
0.036998748779296875
0.037000417709350586
0.03699994087219238
0.037999629974365234
0.03599953651428223
0.03500223159790039
0.03699994087219238
0.03600025177001953
0.03400087356567383
0.03400063514709473
0.04700064659118652
0.0370023250579834
0.037999629974365234
0.03699803352355957
0.03799915313720703
0.03599739074707031
0.03499865531921387
0.03700065612792969
0.03800034523010254
0.03800082206726074
0.03899860382080078
0.03599739074707031
0.03499722480773926
0.03599739074707031
0.03600025177001953
0.03699970245361328
0.03899860382080078
0.03600025177001953
0.034996986389160156
0.03500080108642578
0.03500103950500488
0.034000396728515625
0.03299999237060547
0.04499983787536621
0.03699946403503418
0.03700089454650879
0.037001609802246094
0.0370020866394043
0.03400015830993652
0.03499794006347656
0.03300142288208008
0.03800010681152344
0.035997629165649414
0.03800034523010254
0.03399825096130371
0.03399991989135742
0.03800153732299805
0.03799939155578613
0.036000967025756836
0.035999298095703125
0.035002946853637695
0.0370028018951416
0.03800058364868164
0.03900003433227539
0.03800082206726074
0.03399825096130371
0.039000749588012695
0.038001060485839844
0.03900027275085449
0.034999847412109375
0.03899884223937988
0.03600025177001953
0.03599858283996582
0.041001081466674805
0.03499913215637207
0.033998727798461914
0.03700065612792969
0.03599834442138672
0.03799891471862793
0.034999847412109375
0.03499960899353027
0.03900003433227539
0.03500008583068848
0.03800034523010254
0.03599953651428223
0.04099869728088379
0.03399991989135742
0.0370025634765625
0.03800010681152344
0.034999847412109375
0.038002729415893555
0.03700137138366699
0.03800010681152344
0.03800201416015625
0.0370023250579834
0.03600120544433594
0.03599977493286133
0.03600025177001953
0.03600025177001953
0.03599977493286133
0.03599905967712402
0.03500008583068848
0.03700065612792969
0.03800034523010254
0.03600049018859863
0.037000179290771484
0.040001630783081055
0.03600001335144043
0.03699994087219238
0.03600001335144043
0.036000967025756836
0.03900146484375
0.03499937057495117
0.03800058364868164
0.03700089454650879
0.03900027275085449
0.03599953651428223
0.039000511169433594
0.03599858283996582
0.036998748779296875
0.03800058364868164
0.036000967025756836
0.034999847412109375
0.037000179290771484
0.03499960899353027
0.03700137138366699
0.03799867630004883
0.035999298095703125
0.034999847412109375
0.03600049018859863
0.03900027275085449
0.038001060485839844
0.03900003433227539
0.03600025177001953
0.03500032424926758
0.03700065612792969
0.037999868392944336
0.03799891471862793
0.037000179290771484
0.03499341011047363
0.03599977493286133
0.03499937057495117
0.03700065612792969
0.03499913215637207
0.03899955749511719
0.03699970245361328
0.03699970245361328
0.03699994087219238
0.037000179290771484
0.03600001335144043
0.03699994087219238
0.03700113296508789
0.03599905967712402
0.03599882125854492
0.037001609802246094
0.03800010681152344
0.037000417709350586
0.03900027275085449
0.03799939155578613
0.038999080657958984
0.03899979591369629
0.03999948501586914
0.03900003433227539
0.03500032424926758
0.03699922561645508
0.03699851036071777
0.043997764587402344
0.03899812698364258
0.04100346565246582
0.03699970245361328
0.03800320625305176
0.036998748779296875
0.034999847412109375
0.03800058364868164
0.03600049018859863
0.03700113296508789
0.0390017032623291
0.036000967025756836
0.03799891471862793
0.039000511169433594
0.03699946403503418
0.03599858283996582
0.03500008583068848
0.036000728607177734
0.03599739074707031
0.035999298095703125
0.03600025177001953
0.03699994087219238
0.03600144386291504
0.03599858283996582
0.03699994087219238
0.03899741172790527
0.037000179290771484
0.037000179290771484
0.034999847412109375
0.036998748779296875
0.036000967025756836
0.03699946403503418
0.04000258445739746
0.0390009880065918
0.037999629974365234
0.03599977493286133
0.03699922561645508
0.035997629165649414
0.035001516342163086
0.037000179290771484
0.04000043869018555
0.03599953651428223
0.03600001335144043
0.03699851036071777
0.03600001335144043
0.03600025177001953
0.037000417709350586
0.037999868392944336
0.034999847412109375
0.037000179290771484
0.034998178482055664
0.0370020866394043
0.037000179290771484
0.03699851036071777
0.03599977493286133
0.03500223159790039
0.03599977493286133
0.03700065612792969
0.03699851036071777
0.037000179290771484
0.03600001335144043
0.03599953651428223
0.035001277923583984
0.03699779510498047
0.034999847412109375
0.034999847412109375
0.03500056266784668
0.03599858283996582
0.035999298095703125
0.036998748779296875
0.03600001335144043
0.036998748779296875
0.03499960899353027
0.03599977493286133
0.04000043869018555
0.03600001335144043
0.03800392150878906
0.039000749588012695
0.03599977493286133
0.034998178482055664
0.037001848220825195
0.03500032424926758
0.03499937057495117
0.03799939155578613
0.03500008583068848
0.03699803352355957
0.03600049018859863
0.036997318267822266
0.036000728607177734
0.03500175476074219
0.03799915313720703
0.037000417709350586
0.010999441146850586
0.013000249862670898
0.011001348495483398
0.009999513626098633
0.009000062942504883
0.013999700546264648
0.01199960708618164
0.010001659393310547
0.01000070571899414
0.011035919189453125
0.012000083923339844
0.010999917984008789
0.011000633239746094
0.010999441146850586
0.012001514434814453
0.01100015640258789
0.009998798370361328
0.013998746871948242
0.01199960708618164
0.010999679565429688
0.013000011444091797
0.009000062942504883
0.009999752044677734
0.012000560760498047
0.010001420974731445
0.012002706527709961
0.010999917984008789
0.009999990463256836
0.011001348495483398
0.011998653411865234
0.009000062942504883
0.010998964309692383
0.012002229690551758
0.013998031616210938
0.01099848747253418
0.009002208709716797
0.011000633239746094
0.010999917984008789
0.009000778198242188
0.009999990463256836
0.01299738883972168
0.008999824523925781
0.009999990463256836
0.012000083923339844
0.00899958610534668
0.009996891021728516
0.009999513626098633
0.012998342514038086
0.011999130249023438
0.011997699737548828
0.010999679565429688
0.009998321533203125
0.012000560760498047
0.010999679565429688
0.012999534606933594
0.010999679565429688
0.013001441955566406
0.010999679565429688
0.009999275207519531
0.012999296188354492
0.010999679565429688
0.010999679565429688
0.009000062942504883
0.01399850845336914
0.012000799179077148
0.010999917984008789
0.012001276016235352
0.009000301361083984
0.009999990463256836
0.01000213623046875
0.011002540588378906
0.013000726699829102
0.011000871658325195
0.011001110076904297
0.03599953651428223
0.03599953651428223
0.037000179290771484
0.04000377655029297
0.03799939155578613
0.037000179290771484
0.03599977493286133
0.03700137138366699
0.03500032424926758
0.03499746322631836
0.03599739074707031
0.03399825096130371
0.03499913215637207
0.03699994087219238
0.034999847412109375
0.034000396728515625
0.03600049018859863
0.03599977493286133
0.03600001335144043
0.03900003433227539
0.03599977493286133
0.03600001335144043
0.034999847412109375
0.03499937057495117
0.034999847412109375
0.03600144386291504
0.033998727798461914
0.03299880027770996
0.03600144386291504
0.034999847412109375
0.03800010681152344
0.03499960899353027
0.03499937057495117
0.03499937057495117
0.03600025177001953
0.03599905967712402
0.03399968147277832
0.03499889373779297
0.03399968147277832
0.040001869201660156
0.03500032424926758
0.03400015830993652
0.039000511169433594
0.033998966217041016
0.037000417709350586
0.03699970245361328
0.03500032424926758
0.03599882125854492
0.0410006046295166
0.040000200271606445
0.03499865531921387
0.034000396728515625
0.03599882125854492
0.03600001335144043
0.03600001335144043
0.03500080108642578
0.036000967025756836
0.03500056266784668
0.03500080108642578
0.034999847412109375
0.03500056266784668
0.03399991989135742
0.034000396728515625
0.03500032424926758
0.03699898719787598
0.03600001335144043
0.034999847412109375
0.03499889373779297
0.03500008583068848
0.03399968147277832
0.03500008583068848
0.03600001335144043
0.03600025177001953
0.03499865531921387
0.03500080108642578
0.03699970245361328
0.034999847412109375
0.03399991989135742
0.0350034236907959
0.034999847412109375
0.03399920463562012
0.03500008583068848
0.037999868392944336
0.03500080108642578
0.03400015830993652
0.03600049018859863
0.03699994087219238
0.03500008583068848
0.03500008583068848
0.03500008583068848
0.037999629974365234
0.03500175476074219
0.040001630783081055
0.03700113296508789
0.03800058364868164
0.03600192070007324
0.03600025177001953
0.0370020866394043
0.03800392150878906
0.03699994087219238
0.03799891471862793
0.037000417709350586
0.03600049018859863
0.037999629974365234
0.03500175476074219
0.03600192070007324
0.038001298904418945
0.03600025177001953
0.04000091552734375
0.03699779510498047
0.03699922561645508
0.037000417709350586
0.03699803352355957
0.03599834442138672
0.037001848220825195
0.03500032424926758
0.03600192070007324
0.03800034523010254
0.03699994087219238
0.0370020866394043
0.037999629974365234
0.035001277923583984
0.03900003433227539
0.035999298095703125
0.03699779510498047
0.03600287437438965
0.03599953651428223
0.039000749588012695
0.03500103950500488
0.036000967025756836
0.03500008583068848
0.03500056266784668
0.06000018119812012
0.03500008583068848
0.03600001335144043
0.03499913215637207
0.04199957847595215
0.03699922561645508
0.03599834442138672
0.03599953651428223
0.035001277923583984
0.039000749588012695
0.03699994087219238
0.03599882125854492
0.035999298095703125
0.03799891471862793
0.03600025177001953
0.037000417709350586
0.03499865531921387
0.040000200271606445
