0.035891056060791016
0.03741717338562012
0.03383588790893555
0.03487277030944824
0.03695511817932129
0.03296709060668945
0.03508305549621582
0.0360257625579834
0.03664898872375488
0.0029997825622558594
0.003999471664428711
0.004000186920166016
0.00400090217590332
0.003999948501586914
0.00299835205078125
0.005998849868774414
0.004000425338745117
0.003999471664428711
0.0029993057250976562
0.003000020980834961
0.002998828887939453
0.003999948501586914
0.0029985904693603516
0.0049991607666015625
0.003999948501586914
0.0029993057250976562
0.003998756408691406
0.007002115249633789
0.003999948501586914
0.003997325897216797
0.003999233245849609
0.003000020980834961
0.006001710891723633
0.003999948501586914
0.003999233245849609
0.0029981136322021484
0.003999233245849609
0.003000497817993164
0.004000663757324219
0.0029990673065185547
0.002998828887939453
0.0049974918365478516
0.004999876022338867
0.006000041961669922
0.003997087478637695
0.003997802734375
0.003999948501586914
0.003999471664428711
0.003999948501586914
0.002999544143676758
0.003997087478637695
0.003999948501586914
0.003999948501586914
0.00600123405456543
0.004001140594482422
0.00599980354309082
0.003998756408691406
0.003998279571533203
0.003000497817993164
0.004001617431640625
0.004000663757324219
0.002998828887939453
0.00600123405456543
0.0029990673065185547
0.003002643585205078
0.00299835205078125
0.004000186920166016
0.005000114440917969
0.003999948501586914
0.0029993057250976562
0.0049991607666015625
0.0029985904693603516
0.004999399185180664
0.00699925422668457
0.0060002803802490234
0.003999948501586914
0.003999948501586914
0.0029985904693603516
0.004001617431640625
0.006000041961669922
0.004000186920166016
0.00400090217590332
0.0039975643157958984
0.003999471664428711
0.003998279571533203
0.003997802734375
0.003999948501586914
0.0039975643157958984
0.003999233245849609
0.00599980354309082
0.005999088287353516
0.0049974918365478516
0.003997087478637695
0.0039975643157958984
0.002999544143676758
0.0029990673065185547
0.0039980411529541016
0.0030014514923095703
0.004000425338745117
0.0029993057250976562
0.004998922348022461
0.004000425338745117
0.0070002079010009766
0.006001710891723633
0.003999948501586914
0.003998517990112305
0.00500178337097168
0.003998994827270508
0.004999876022338867
0.0039980411529541016
0.00299835205078125
0.0029981136322021484
0.00500035285949707
0.003997087478637695
0.004999399185180664
0.0039975643157958984
0.003999471664428711
0.004000186920166016
0.002998828887939453
0.004001140594482422
0.003999948501586914
0.0040013790130615234
0.0029990673065185547
0.003999233245849609
0.0039997100830078125
0.0070002079010009766
0.00699305534362793
0.003999233245849609
0.0039997100830078125
0.004000425338745117
0.003999948501586914
0.002998828887939453
0.0029997825622558594
0.002998828887939453
0.00299835205078125
0.004999399185180664
0.005997657775878906
0.004000663757324219
0.003998517990112305
0.003998756408691406
0.0029997825622558594
0.0039997100830078125
0.003999948501586914
0.0060002803802490234
0.002999544143676758
0.0029985904693603516
0.006998300552368164
0.0029997825622558594
0.002998828887939453
0.003999948501586914
0.002998828887939453
0.003000020980834961
0.00500035285949707
0.0039997100830078125
0.002999544143676758
0.005000114440917969
0.002998828887939453
0.0039997100830078125
0.004000186920166016
0.00599980354309082
0.003998756408691406
0.003999233245849609
0.004998207092285156
0.003998994827270508
0.004998445510864258
0.004998683929443359
0.003998279571533203
0.004000425338745117
0.003999471664428711
0.003999948501586914
0.002998828887939453
0.004000425338745117
0.003997325897216797
0.003999948501586914
0.005998849868774414
0.0029990673065185547
0.0030007362365722656
0.0029993057250976562
0.0049991607666015625
0.0029997825622558594
0.005000114440917969
0.003999233245849609
0.003996372222900391
0.005000591278076172
0.005000591278076172
0.004001617431640625
0.00400233268737793
0.003998994827270508
0.0039975643157958984
0.0040013790130615234
0.005999565124511719
0.0029997825622558594
0.0040018558502197266
0.00299835205078125
0.004999399185180664
0.0030002593994140625
0.004000186920166016
0.004998683929443359
0.003995656967163086
0.0029997825622558594
0.002998828887939453
0.003999948501586914
0.004001617431640625
0.00599980354309082
0.0029976367950439453
0.004001140594482422
0.00500035285949707
0.003000020980834961
0.004000425338745117
0.0039975643157958984
0.0029990673065185547
0.004999876022338867
0.004001140594482422
0.004999637603759766
0.006000041961669922
0.002997875213623047
0.004997968673706055
0.003999233245849609
0.0030002593994140625
0.004998922348022461
0.003999948501586914
0.0039997100830078125
0.0029993057250976562
0.004000186920166016
0.002998828887939453
0.00599980354309082
0.00299835205078125
0.005000591278076172
0.002998828887939453
0.003998756408691406
0.005002260208129883
0.0039997100830078125
0.003999233245849609
0.003999233245849609
0.003999233245849609
0.004999399185180664
0.003999948501586914
0.003999233245849609
0.00299835205078125
0.003999948501586914
0.0029981136322021484
0.0050013065338134766
0.002998828887939453
0.004000425338745117
0.004000186920166016
0.0039997100830078125
0.0029990673065185547
0.005999326705932617
0.002997875213623047
0.006000041961669922
0.003999233245849609
0.004998445510864258
0.004000425338745117
0.0029990673065185547
0.003998756408691406
0.004000186920166016
0.00299835205078125
0.003997802734375
0.003998756408691406
0.002997875213623047
0.003999948501586914
0.004997730255126953
0.004000186920166016
0.00299835205078125
0.004997968673706055
0.0039997100830078125
0.005999088287353516
0.00299835205078125
0.004998445510864258
0.003998994827270508
0.0029993057250976562
0.003999233245849609
0.005998849868774414
0.0029990673065185547
0.00499725341796875
0.003998517990112305
0.002997875213623047
0.004000425338745117
0.004997730255126953
0.003998517990112305
0.0059986114501953125
0.0029985904693603516
0.004000186920166016
0.0039980411529541016
0.0039997100830078125
0.003999948501586914
0.003998994827270508
0.004000186920166016
0.003996372222900391
0.004000186920166016
0.0039997100830078125
0.0029990673065185547
0.004005908966064453
0.0029990673065185547
0.004000663757324219
0.00299835205078125
0.004999399185180664
0.003998994827270508
0.003998994827270508
0.003998756408691406
0.003999233245849609
0.004000186920166016
0.005000114440917969
0.003000020980834961
0.003999948501586914
0.0050008296966552734
0.005000591278076172
0.002997875213623047
0.003998994827270508
0.0029990673065185547
0.00299835205078125
0.003999948501586914
0.003998994827270508
0.004000186920166016
0.0039980411529541016
0.004999399185180664
0.0039980411529541016
0.0030014514923095703
0.00400233268737793
0.005002260208129883
0.003000974655151367
0.003999471664428711
0.003998279571533203
0.002997875213623047
0.005000591278076172
0.004000425338745117
0.00500035285949707
0.0029973983764648438
0.0029964447021484375
0.0029993057250976562
0.0049991607666015625
0.004001140594482422
0.003998756408691406
0.002999544143676758
0.0030002593994140625
0.0029990673065185547
0.003999233245849609
0.005002737045288086
0.005999088287353516
0.0029993057250976562
0.00299835205078125
0.004999637603759766
0.0029993057250976562
0.004998683929443359
0.005000114440917969
0.0049974918365478516
0.003998279571533203
0.0029993057250976562
0.004997968673706055
0.00500035285949707
0.0029990673065185547
0.004009246826171875
0.004000186920166016
0.002985715866088867
0.003998279571533203
0.004001617431640625
0.0040018558502197266
0.003000020980834961
0.002999544143676758
0.00299835205078125
0.00299835205078125
0.0029993057250976562
0.006000995635986328
0.004000186920166016
0.0029997825622558594
0.003998994827270508
0.0029997825622558594
0.0029997825622558594
0.005000114440917969
0.0050013065338134766
0.0029985904693603516
0.004000186920166016
0.004000663757324219
0.002999544143676758
0.003997802734375
0.002998828887939453
0.003998517990112305
0.003000020980834961
0.0029985904693603516
0.004000186920166016
0.004000425338745117
0.0039980411529541016
0.0030007362365722656
0.003999948501586914
0.004999876022338867
0.003999948501586914
0.0029981136322021484
0.004000663757324219
0.0060002803802490234
0.0029990673065185547
0.003999233245849609
0.0029985904693603516
0.0029985904693603516
0.00299835205078125
0.004000186920166016
0.002998828887939453
0.002997159957885742
0.004000186920166016
0.003002643585205078
0.003999233245849609
0.003998517990112305
0.0039997100830078125
0.004999637603759766
0.003999471664428711
0.0030002593994140625
0.0029985904693603516
0.00400233268737793
0.0039975643157958984
0.002999544143676758
0.0029990673065185547
0.007000446319580078
0.003999233245849609
0.003000020980834961
0.0049970149993896484
0.002999544143676758
0.0060002803802490234
0.0029981136322021484
0.003000020980834961
0.003999471664428711
0.001998424530029297
0.006999969482421875
0.0019986629486083984
0.004002571105957031
0.0030007362365722656
0.003000497817993164
0.003998517990112305
0.00500035285949707
0.0020003318786621094
0.002999544143676758
0.004000425338745117
0.0030002593994140625
0.0030002593994140625
0.0039980411529541016
0.003999948501586914
0.0029985904693603516
0.003999471664428711
0.0019986629486083984
0.0029997825622558594
0.0039997100830078125
0.0029985904693603516
0.004000663757324219
0.003000020980834961
0.0029990673065185547
0.0030002593994140625
0.0039980411529541016
0.0029990673065185547
0.002997875213623047
0.003000497817993164
0.0039997100830078125
0.004000425338745117
0.002996206283569336
0.003002643585205078
0.003999948501586914
0.0029981136322021484
0.002997875213623047
0.003000020980834961
0.003001689910888672
0.0029990673065185547
0.003000020980834961
0.003000497817993164
0.0030024051666259766
0.0030002593994140625
0.003001689910888672
0.0029997825622558594
0.004000425338745117
0.0029985904693603516
0.0029997825622558594
0.0030002593994140625
0.004000425338745117
0.0030012130737304688
0.0030007362365722656
0.0030002593994140625
0.0019996166229248047
0.0039997100830078125
0.0030019283294677734
0.002999544143676758
0.0030007362365722656
0.002998828887939453
0.002998828887939453
0.0029973983764648438
0.0029981136322021484
0.0029997825622558594
0.0029997825622558594
0.0029985904693603516
0.00299835205078125
0.005002021789550781
0.004000663757324219
0.003997325897216797
0.003999471664428711
0.002996683120727539
0.003999948501586914
0.004000186920166016
0.004998922348022461
0.007999897003173828
0.00400090217590332
0.005001544952392578
0.005002737045288086
0.006000995635986328
0.003998756408691406
0.00299835205078125
0.004000425338745117
0.003998994827270508
0.002998828887939453
0.00299835205078125
0.0029985904693603516
0.004999876022338867
0.00299835205078125
0.003999948501586914
0.005999088287353516
0.003999948501586914
0.004998207092285156
0.0029997825622558594
0.004001140594482422
0.0029981136322021484
0.003999233245849609
0.0039980411529541016
0.0029981136322021484
0.0039997100830078125
0.0029981136322021484
0.003998279571533203
0.003999471664428711
0.004000186920166016
0.003998994827270508
0.0029997825622558594
0.0029985904693603516
0.003999948501586914
0.003999948501586914
0.004000186920166016
0.005001068115234375
0.005000591278076172
0.003999471664428711
0.004000186920166016
0.005000591278076172
0.006000041961669922
0.0029997825622558594
0.002999544143676758
0.003999948501586914
0.003999233245849609
0.004000425338745117
0.0039997100830078125
0.004000186920166016
0.003998517990112305
0.0029990673065185547
0.003998994827270508
0.003999948501586914
0.003999233245849609
0.0029997825622558594
0.005000591278076172
0.0029981136322021484
0.004000425338745117
0.0029990673065185547
0.003999948501586914
0.003999948501586914
0.00299835205078125
0.003998517990112305
0.00299835205078125
0.003998994827270508
0.003997087478637695
0.0029964447021484375
0.0059986114501953125
0.0050013065338134766
0.0039997100830078125
0.0039997100830078125
0.0029973983764648438
0.004000186920166016
0.0029990673065185547
0.0029990673065185547
0.0029985904693603516
0.003999948501586914
0.003998994827270508
0.002997875213623047
0.002999544143676758
0.0029985904693603516
0.003999471664428711
0.004999637603759766
0.003998517990112305
0.004998445510864258
0.002998828887939453
0.0029973983764648438
0.0029981136322021484
0.0039997100830078125
0.005999088287353516
0.004000186920166016
0.0039980411529541016
0.002999544143676758
0.003998756408691406
0.004998445510864258
0.003998517990112305
0.0029997825622558594
0.004000186920166016
0.005997896194458008
0.0029990673065185547
0.0030012130737304688
0.0029985904693603516
0.004002094268798828
0.005001544952392578
0.0039997100830078125
0.005001544952392578
0.0040018558502197266
0.004000425338745117
0.004999876022338867
0.0029990673065185547
0.002997875213623047
0.005000591278076172
0.003998756408691406
0.00400090217590332
0.004999637603759766
0.004000186920166016
0.004001140594482422
0.005000591278076172
0.004999399185180664
0.004002571105957031
0.006000995635986328
0.00299835205078125
0.002998828887939453
0.0029985904693603516
0.004000186920166016
0.002998828887939453
0.003998994827270508
0.003998279571533203
0.005001068115234375
0.002998828887939453
0.0039997100830078125
0.00500035285949707
0.002998828887939453
0.004999399185180664
0.002998828887939453
0.005998849868774414
0.0060007572174072266
0.00500035285949707
0.0029990673065185547
0.0039997100830078125
0.004999399185180664
0.002998828887939453
0.002997875213623047
