75.02007412910461
60.800413846969604
35.247642993927
43.48701739311218
46.97081995010376
58.91935110092163
59.982726097106934
61.385799169540405
62.3974347114563
6.800031661987305
5.6020002365112305
3.2019996643066406
4.268999338150024
3.5729992389678955
8.165999412536621
2.852001667022705
2.878007411956787
4.271000862121582
6.942667484283447
5.639999866485596
3.233001470565796
4.311999797821045
3.604613780975342
8.208887815475464
2.8170011043548584
2.6809988021850586
4.227002143859863
2.8949973583221436
2.8759994506835938
2.876002550125122
2.9340007305145264
2.892000198364258
2.496000289916992
2.876999855041504
6.029000520706177
3.247002124786377
3.9286749362945557
3.262911796569824
3.6139237880706787
2.8889200687408447
2.8909356594085693
2.5109312534332275
4.286920070648193
3.589930295944214
2.8829197883605957
2.8789405822753906
2.8807778358459473
3.243911027908325
3.954928398132324
2.8879761695861816
2.905949115753174
2.920936107635498
2.882922649383545
2.888890504837036
2.1769156455993652
3.963918447494507
2.540980100631714
4.808928728103638
3.597897529602051
2.500013828277588
2.857931137084961
5.910243988037109
3.940000295639038
2.150998830795288
2.508000135421753
4.320000410079956
3.2199997901916504
10.238997459411621
2.5280003547668457
2.5129992961883545
3.9420008659362793
4.351001024246216
3.595001220703125
2.8660006523132324
7.938999652862549
2.8750011920928955
12.587000370025635
4.302001476287842
6.631999969482422
2.5030014514923096
5.2230002880096436
2.8380002975463867
6.084998846054077
2.980999708175659
4.063001871109009
2.5689988136291504
2.5440003871917725
7.618999719619751
2.6550018787384033
4.035000324249268
3.309999704360962
2.5400004386901855
6.830522060394287
5.594002723693848
3.2329983711242676
4.223513841629028
3.5330004692077637
8.087999820709229
2.8209989070892334
2.857999563217163
4.235521078109741
2.905001163482666
2.8949973583221436
2.878999710083008
2.8480000495910645
2.84800124168396
2.4709994792938232
2.8480024337768555
5.902998447418213
3.1750006675720215
3.862999677658081
3.2010014057159424
3.545001268386841
2.8450028896331787
2.8429980278015137
2.475001335144043
4.22100043296814
3.549997329711914
2.840000629425049
2.85599946975708
2.8580000400543213
3.195998430252075
3.8960013389587402
2.8530001640319824
2.8650004863739014
2.8589999675750732
2.850006341934204
2.8460028171539307
2.1469995975494385
3.868999719619751
2.4710001945495605
4.7268970012664795
3.5330002307891846
2.4769997596740723
2.824998617172241
5.82900071144104
3.8650014400482178
2.1040005683898926
2.4800007343292236
4.215001821517944
3.187998056411743
10.130001306533813
2.4800009727478027
2.4760000705718994
3.9140000343322754
4.301999568939209
3.5890016555786133
2.829000234603882
7.8150153160095215
2.819999933242798
12.442695617675781
4.240998983383179
6.563000440597534
2.4779999256134033
5.098001003265381
2.8510000705718994
5.868001461029053
2.831000566482544
3.9132914543151855
2.4770009517669678
2.4690001010894775
7.401994943618774
2.4778573513031006
3.8879246711730957
3.219001054763794
2.489999771118164
6.728000640869141
5.5420005321502686
3.1690003871917725
4.299999952316284
3.548999786376953
7.773000955581665
2.6670098304748535
2.75000262260437
4.275000810623169
2.8740015029907227
2.8720009326934814
2.876997947692871
2.8749990463256836
2.874999523162842
2.4979968070983887
2.8840110301971436
6.019000291824341
3.2350003719329834
3.918002128601074
3.230999231338501
3.610997438430786
2.883000373840332
2.875002384185791
2.46199893951416
4.19800066947937
3.4599974155426025
2.673999547958374
2.6900007724761963
2.6680006980895996
2.998000383377075
3.6350009441375732
2.680999755859375
2.680001735687256
2.678999185562134
2.7080023288726807
2.7246341705322266
2.0260000228881836
3.6800003051757812
2.424999237060547
4.838001489639282
3.5549988746643066
2.4599997997283936
2.6509997844696045
5.52300238609314
3.964001417160034
2.156998872756958
2.487999677658081
4.28000020980835
3.2189996242523193
10.179832458496094
2.5030009746551514
2.4999990463256836
3.9520013332366943
4.324000835418701
3.615000009536743
2.867000102996826
7.880000829696655
2.8640010356903076
12.585015058517456
4.2799999713897705
6.586999893188477
2.472367763519287
4.813589334487915
2.711000442504883
5.9899983406066895
2.856001377105713
3.8330016136169434
2.3210015296936035
2.3460006713867188
7.40299916267395
2.4300010204315186
3.6339995861053467
2.977001428604126
2.3219988346099854
6.888002157211304
5.595952272415161
3.2240421772003174
4.293004751205444
3.6039979457855225
8.213000297546387
2.8790009021759033
2.898000717163086
4.324000597000122
2.8930001258850098
2.887000322341919
2.889000177383423
2.8804194927215576
2.8230013847351074
2.448000907897949
2.8209996223449707
5.916999816894531
3.181002378463745
3.8620009422302246
3.175001382827759
3.5219998359680176
2.8340022563934326
2.822000026702881
2.4470016956329346
4.187001466751099
3.531001329421997
2.845001220703125
2.816999673843384
2.8220009803771973
3.175001382827759
3.8500008583068848
2.8180007934570312
2.8250012397766113
2.8320000171661377
2.833000898361206
2.8360016345977783
2.128000497817993
3.854999303817749
2.4540016651153564
4.686001539230347
3.5040009021759033
2.460000991821289
2.813999652862549
5.808000802993774
3.868000030517578
2.108999729156494
2.476999282836914
4.210000038146973
3.1660032272338867
10.03600001335144
2.477001190185547
2.448000907897949
3.8660006523132324
4.252000331878662
3.5329997539520264
2.8090012073516846
7.737001180648804
2.800001621246338
12.284001350402832
4.209000110626221
6.498000144958496
2.4539990425109863
5.071999788284302
2.8080005645751953
5.841000080108643
2.7959980964660645
3.8469982147216797
2.476999282836914
2.4550018310546875
7.328999757766724
2.5155131816864014
4.0060014724731445
3.199505090713501
2.490999460220337
6.807217836380005
5.609009027481079
3.2130017280578613
4.2638702392578125
3.5749995708465576
8.163998365402222
2.8879992961883545
6.947000503540039
6.728002071380615
6.874001502990723
6.864025592803955
5.589998722076416
3.221001386642456
3.9820027351379395
4.308003187179565
5.202001094818115
2.8750009536743164
3.9919967651367188
2.854999542236328
3.281001567840576
3.648000955581665
3.9420008659362793
3.933000087738037
4.321999788284302
3.928002119064331
7.4419989585876465
3.929624557495117
4.289083242416382
2.501002550125122
2.8570003509521484
3.939002275466919
3.9290013313293457
7.504998683929443
3.5990006923675537
3.5810024738311768
3.9499998092651367
2.494767904281616
3.9440548419952393
4.333886623382568
4.99690580368042
4.281907081604004
3.9269297122955322
3.9354891777038574
3.5789999961853027
2.8610002994537354
3.2420003414154053
3.9620003700256348
7.150000095367432
3.9559998512268066
3.9029998779296875
3.5249972343444824
3.8615121841430664
2.1150031089782715
5.86199951171875
3.5269999504089355
7.402000427246094
3.851001024246216
8.842997550964355
3.8670010566711426
6.983000040054321
3.1550023555755615
4.199999809265137
6.236000299453735
3.8450002670288086
3.84900164604187
3.5189993381500244
3.5009994506835938
3.5140018463134766
6.5820019245147705
3.881997585296631
3.1720006465911865
3.5049996376037598
2.8030025959014893
7.315999984741211
7.326000452041626
7.348998069763184
7.3310017585754395
7.332001686096191
7.3389997482299805
2.800001621246338
2.805999755859375
7.334999322891235
2.806997537612915
7.373998165130615
7.427999496459961
2.843001127243042
2.8580000400543213
7.416997909545898
3.190999746322632
3.2029995918273926
3.216001272201538
3.213001012802124
3.2029998302459717
3.197998285293579
3.2079997062683105
3.1949996948242188
2.5179991722106934
2.4360015392303467
2.3730075359344482
0.6130030155181885
2.9860007762908936
2.431999444961548
0.6110026836395264
3.083998680114746
2.391000747680664
0.6049978733062744
3.0510010719299316
2.413999557495117
0.5959997177124023
3.056999444961548
2.4319968223571777
0.6220016479492188
2.4799997806549072
0.6140010356903076
0.6210017204284668
2.8899998664855957
0.7579989433288574
0.615999698638916
0.6160001754760742
0.7410004138946533
1.5280015468597412
0.6209995746612549
1.2410013675689697
0.7369985580444336
1.377000093460083
2.0980007648468018
1.474001407623291
1.1630003452301025
1.6970016956329346
1.2249999046325684
1.6180036067962646
0.7380027770996094
1.670999526977539
2.444999933242798
0.6459987163543701
0.625
2.719003915786743
0.7389976978302002
0.6340000629425049
0.735001802444458
0.7400021553039551
2.450000762939453
1.5129985809326172
0.7480010986328125
1.1150014400482178
1.373999834060669
1.4129972457885742
1.2489979267120361
1.2389986515045166
1.2599999904632568
1.6100010871887207
1.602001428604126
2.418002128601074
0.6149992942810059
0.6109998226165771
2.6549994945526123
0.7220005989074707
0.6139998435974121
0.7139997482299805
0.7209999561309814
2.4110004901885986
1.4670016765594482
0.7149996757507324
1.1020011901855469
1.3199992179870605
1.3550021648406982
1.2090015411376953
1.192000389099121
1.225998878479004
1.5809991359710693
1.5660011768341064
6.903000116348267
5.619999647140503
3.2130014896392822
3.9740006923675537
4.470000743865967
4.358999729156494
4.009999990463257
3.6599996089935303
4.336999893188477
3.185999631881714
7.203999996185303
3.69899845123291
3.9890003204345703
4.017820119857788
3.740001678466797
5.1439995765686035
4.8199989795684814
3.695000410079956
4.846000909805298
4.040000915527344
3.375999689102173
4.059001207351685
3.6900010108947754
2.665001153945923
3.0769994258880615
3.983999729156494
7.696000099182129
3.3429999351501465
5.4440014362335205
2.706000566482544
4.070000410079956
3.376002073287964
3.354001522064209
4.866002559661865
4.476001739501953
2.336000442504883
5.187999486923218
5.885000705718994
7.713000297546387
7.745998859405518
3.4099996089935303
3.81499981880188
8.178998708724976
7.789999723434448
5.196998834609985
5.195000410079956
4.315999746322632
2.843999147415161
5.577000141143799
4.602999925613403
7.141000986099243
9.25499963760376
2.3060011863708496
4.064999580383301
6.307999849319458
7.358998537063599
5.559999227523804
7.447000980377197
4.057001352310181
3.7189993858337402
4.110000848770142
3.722001075744629
3.713999032974243
5.926001310348511
4.052999973297119
3.685999631881714
3.682999849319458
5.568999528884888
4.392000198364258
3.6880016326904297
3.72300124168396
3.7280008792877197
3.7240023612976074
3.69000244140625
3.705000638961792
3.434997320175171
3.7659988403320312
5.261000156402588
3.7770020961761475
4.024997234344482
3.3850011825561523
4.055997610092163
3.332000494003296
3.684995174407959
3.705000162124634
3.692997455596924
3.6899983882904053
3.6569974422454834
3.712998151779175
3.7210004329681396
6.893999099731445
5.615001201629639
3.221000909805298
3.977999210357666
4.367000341415405
4.320000171661377
3.9770007133483887
3.6239986419677734
4.281001806259155
3.20399808883667
7.494001150131226
3.9230010509490967
4.270999193191528
4.299999475479126
3.9359993934631348
5.468000650405884
5.131000280380249
3.951000690460205
5.199000358581543
4.25600004196167
3.556999683380127
4.232000350952148
3.8520007133483887
2.845999240875244
3.200997829437256
4.2059996128082275
8.135001182556152
3.5170013904571533
5.773999214172363
2.8520002365112305
4.21899676322937
3.495999336242676
3.5249998569488525
5.11200213432312
4.7270002365112305
2.4690003395080566
5.488000154495239
6.345996856689453
8.087348937988281
7.652999639511108
3.3640010356903076
3.7909998893737793
8.049000263214111
7.766000747680664
5.183001279830933
5.230998277664185
4.089001178741455
2.9599995613098145
5.6990015506744385
4.537000417709351
7.111999988555908
9.49700140953064
2.5430004596710205
4.351999998092651
6.794000625610352
8.072001457214355
6.0139992237091064
7.6959991455078125
4.250001668930054
3.982002019882202
6.739000082015991
5.512000322341919
3.1989998817443848
3.9070000648498535
4.2940003871917725
4.228999614715576
3.8940000534057617
3.553999423980713
4.231002330780029
3.1670010089874268
7.3640429973602295
3.8670010566711426
4.222999811172485
4.221000909805298
3.8720004558563232
5.398999452590942
5.068000793457031
3.8679990768432617
5.111999988555908
4.2500011920928955
3.5429983139038086
4.274512052536011
3.895000457763672
2.8120007514953613
3.199000597000122
4.268999099731445
8.393001556396484
3.561000108718872
5.76000189781189
2.8289997577667236
4.172000885009766
3.5690011978149414
3.48700213432312
5.1529176235198975
4.688997983932495
2.441999912261963
5.510998487472534
6.347518682479858
8.213999032974243
8.162999868392944
3.569000482559204
3.9970014095306396
8.681066036224365
8.327000141143799
5.486839532852173
5.4188151359558105
4.271000146865845
2.8569998741149902
5.58003830909729
4.642577409744263
7.597903251647949
9.76982569694519
2.4699466228485107
4.2721757888793945
6.646000146865845
7.815000295639038
5.885999917984009
7.831000089645386
4.28600001335144
3.9079999923706055
4.278000116348267
3.928999900817871
3.9180002212524414
6.220999717712402
4.2769999504089355
3.9139997959136963
3.9539999961853027
5.786000728607178
4.573999881744385
3.819999933242798
3.8199996948242188
6.886546850204468
5.182000637054443
2.9520015716552734
3.7050020694732666
3.9810006618499756
4.279999256134033
3.9725282192230225
3.6205191612243652
4.35900092124939
3.266998291015625
7.395000457763672
3.872999906539917
4.232999801635742
4.233999490737915
3.891000509262085
5.434998512268066
5.099999904632568
3.9000003337860107
5.148001670837402
4.292001008987427
3.5710010528564453
4.2509989738464355
3.899000883102417
2.8290021419525146
3.2229998111724854
4.208998441696167
8.059002161026001
3.4879965782165527
5.690000057220459
2.80800199508667
4.163999319076538
3.462001085281372
3.4609973430633545
5.043000936508179
4.655002117156982
2.4250009059906006
5.423000335693359
6.147626876831055
8.057000160217285
8.015998125076294
3.4850027561187744
3.946000099182129
8.528998374938965
8.154999256134033
5.470677852630615
5.383903980255127
4.20891261100769
2.8229336738586426
5.491381883621216
4.577999591827393
7.488002300262451
9.710999965667725
2.4500014781951904
4.241998910903931
6.5869972705841064
7.7420008182525635
5.8580002784729
7.737998008728027
4.262001991271973
3.896998643875122
4.012000799179077
3.6840007305145264
3.634000062942505
5.783003330230713
3.963998556137085
3.6410000324249268
3.671001434326172
5.495002031326294
4.344000816345215
3.6871254444122314
3.8660004138946533
2.4030022621154785
0.6100001335144043
0.6140017509460449
2.671994209289551
0.7230019569396973
0.6039977073669434
0.7429995536804199
0.7310004234313965
2.414999485015869
1.440002679824829
0.7219991683959961
1.1080002784729004
1.3339974880218506
1.341998815536499
1.2250001430511475
0.28300046920776367
0.27700138092041016
2.6470015048980713
0.885000467300415
0.8740003108978271
0.8760011196136475
3.234002113342285
3.135704517364502
2.9770092964172363
2.4590084552764893
2.656001329421997
0.9360001087188721
0.9150021076202393
0.8709993362426758
3.363999128341675
3.369185447692871
3.1619439125061035
2.658970355987549
2.806999683380127
0.9339988231658936
0.931999683380127
0.9409976005554199
3.4119997024536133
3.353515625
3.166001558303833
2.6230111122131348
0.7859995365142822
2.8519983291625977
0.9340004920959473
0.9340002536773682
0.9420027732849121
3.5160012245178223
3.4650020599365234
3.286012887954712
2.629011869430542
0.7829976081848145
0.8000016212463379
1.1290018558502197
4.27901816368103
0.7769985198974609
0.7789983749389648
3.5280120372772217
3.6700005531311035
3.6640119552612305
3.663524627685547
4.601998805999756
4.446008682250977
4.420018911361694
3.4530014991760254
2.544999837875366
1.080080509185791
2.1210951805114746
2.8810176849365234
2.881028890609741
2.8973984718322754
2.2069997787475586
3.1900224685668945
3.2773597240448
3.3640027046203613
1.8279495239257812
0.7930004596710205
1.0838608741760254
0.7970037460327148
3.746912717819214
1.1410088539123535
0.7749979496002197
0.7770090103149414
2.735738515853882
0.9162619113922119
0.9240000247955322
0.9279961585998535
3.457517147064209
3.433551788330078
3.0779995918273926
2.6680023670196533
2.7300009727478027
0.742999792098999
1.6300101280212402
1.6370017528533936
1.429999828338623
1.3680014610290527
1.3839983940124512
1.684044599533081
1.8192920684814453
1.5619964599609375
1.238999605178833
1.4310290813446045
1.6130011081695557
1.6459996700286865
1.6169981956481934
1.611999750137329
1.636000394821167
1.6130003929138184
1.0639996528625488
1.061563491821289
0.7409980297088623
1.0680012702941895
0.6670005321502686
1.1480021476745605
0.670001745223999
0.7939996719360352
1.076000452041626
0.7429995536804199
3.384998321533203
0.7990009784698486
3.750016927719116
3.70158314704895
0.7429983615875244
3.7599973678588867
0.6679987907409668
1.0490009784698486
0.7750022411346436
0.752018928527832
1.047999620437622
0.7490005493164062
1.057999610900879
0.7939980030059814
1.0730006694793701
0.7440004348754883
1.0520098209381104
0.724001407623291
1.052516222000122
1.0679998397827148
0.752000093460083
3.74830961227417
0.6490001678466797
1.0470013618469238
0.7470018863677979
1.0600013732910156
0.6659996509552002
1.051011562347412
0.66499924659729
3.7610013484954834
0.6920018196105957
1.0360004901885986
0.7660002708435059
4.07400107383728
0.7729990482330322
4.165518760681152
1.4269990921020508
1.6360015869140625
1.5010015964508057
1.2569968700408936
1.444000482559204
1.4660003185272217
1.492997407913208
1.5270013809204102
1.5828306674957275
1.3559632301330566
1.433539867401123
1.3408448696136475
1.328007459640503
1.4318485260009766
1.4499545097351074
1.4279747009277344
1.4269444942474365
1.442016363143921
1.4209141731262207
4.044949293136597
0.751927375793457
4.050354957580566
1.0569961071014404
0.7419998645782471
4.028519868850708
0.7929999828338623
4.039999485015869
1.068002700805664
0.7420008182525635
4.230000972747803
4.346009731292725
0.7239973545074463
1.052001714706421
0.745002031326294
3.747014045715332
0.7160005569458008
1.0570008754730225
0.6779994964599609
3.899003028869629
0.6520004272460938
4.162001848220825
1.1190011501312256
1.1695609092712402
1.127000093460083
4.337000846862793
4.273000240325928
4.275000095367432
4.1761369705200195
4.175999879837036
0.6850001811981201
3.7385470867156982
0.6789994239807129
1.0530004501342773
0.7830004692077637
3.889364719390869
0.6690022945404053
4.192999362945557
1.1230006217956543
1.1280012130737305
1.1350007057189941
4.417010545730591
4.193000316619873
4.395000219345093
4.316995620727539
4.2620017528533936
0.81600022315979
4.33100152015686
0.7650012969970703
1.5730011463165283
1.767003059387207
1.5239989757537842
1.2839977741241455
1.4841952323913574
2.0840022563934326
1.2899997234344482
1.4489989280700684
1.3690006732940674
1.5669984817504883
1.3570005893707275
1.4689738750457764
1.46000075340271
1.545457363128662
1.4562718868255615
1.268925666809082
2.410038471221924
0.7529115676879883
0.7519900798797607
3.430899143218994
0.7715587615966797
1.1029987335205078
0.7510008811950684
0.7570009231567383
1.0929994583129883
0.7729988098144531
0.7050004005432129
0.7679989337921143
0.7729980945587158
4.738997459411621
4.095999479293823
4.382002353668213
4.416001319885254
4.47700047492981
4.114000558853149
4.094000339508057
4.0988147258758545
4.096428155899048
4.6190009117126465
5.174999475479126
5.381999969482422
1.2850010395050049
4.060999631881714
4.490999937057495
1.2849986553192139
4.151000022888184
4.575000524520874
3.6230030059814453
4.75800085067749
4.762000799179077
4.3919997215271
3.694999933242798
3.4679994583129883
3.691000461578369
3.125000238418579
3.837998390197754
0.7120006084442139
4.174001932144165
0.7529993057250977
3.9270005226135254
1.380000114440918
1.3820011615753174
1.3930432796478271
3.2380008697509766
3.968998670578003
3.9349982738494873
3.9390006065368652
0.7389986515045166
4.272000551223755
1.1509993076324463
1.1550004482269287
1.1609995365142822
4.512999534606934
4.396001100540161
4.297999858856201
4.177000284194946
4.181999921798706
0.7050092220306396
3.7619996070861816
0.6840019226074219
4.160001039505005
1.1210014820098877
1.1299998760223389
1.1309995651245117
4.358001947402954
4.277012586593628
4.263001441955566
4.187000751495361
4.167514085769653
0.7989997863769531
3.750999927520752
0.7489991188049316
4.05400013923645
0.7720000743865967
0.8479998111724854
0.8119995594024658
0.8510003089904785
3.2529993057250977
3.2419984340667725
4.332000732421875
0.8130006790161133
0.7709994316101074
0.8860008716583252
4.3170013427734375
4.402000188827515
4.439512491226196
4.548001527786255
4.106000900268555
4.208031415939331
4.204999685287476
4.204000473022461
4.195001125335693
4.114000558853149
4.411000490188599
4.501999378204346
4.554997205734253
4.135000705718994
4.131999731063843
4.215871572494507
4.196720123291016
4.6219987869262695
5.111001968383789
5.578000783920288
1.3280010223388672
4.321002960205078
4.320999383926392
5.54600191116333
4.65900182723999
3.6400015354156494
4.52443528175354
4.603169918060303
4.07738184928894
5.110998630523682
3.6359996795654297
3.9909985065460205
3.947000503540039
3.0259997844696045
0.7729990482330322
4.150000333786011
1.1710004806518555
0.7569999694824219
0.7509989738464355
4.318999767303467
0.7529983520507812
2.533008337020874
0.777000904083252
1.1064777374267578
0.7630000114440918
3.6950128078460693
4.135036468505859
4.1229987144470215
4.127001762390137
3.623002290725708
3.5550003051757812
3.54699969291687
3.5550005435943604
3.5630011558532715
0.7350032329559326
0.7289996147155762
3.6019999980926514
4.159001588821411
4.1610002517700195
4.148000001907349
3.632000207901001
3.5550010204315186
3.5510001182556152
3.5630006790161133
3.628999710083008
0.7445356845855713
0.7260007858276367
1.068025827407837
0.7540009021759033
0.7440011501312256
0.7350127696990967
0.764000654220581
3.550001859664917
0.6769993305206299
0.758000373840332
0.7799651622772217
3.905998945236206
4.661000490188599
4.428000211715698
3.6580004692077637
4.972000598907471
5.023000478744507
3.4349985122680664
3.949000597000122
3.9420006275177
2.1190009117126465
1.5629997253417969
1.528001308441162
1.5350019931793213
2.533000946044922
3.101996421813965
1.9339990615844727
2.654000759124756
0.7370009422302246
4.327998399734497
0.7730000019073486
3.9970011711120605
0.7900011539459229
4.268999814987183
0.7669997215270996
3.958000421524048
0.7750000953674316
4.879999160766602
0.8190004825592041
4.00800085067749
1.4089975357055664
1.4530019760131836
1.4830009937286377
3.303999185562134
4.017521381378174
4.121000051498413
4.112001657485962
0.7459993362426758
4.476999282836914
1.199000597000122
1.205002784729004
1.2219998836517334
4.601003170013428
4.515002012252808
4.63671875
4.508993864059448
0.7919986248016357
3.9719982147216797
0.8159935474395752
4.023002624511719
1.3729989528656006
1.404001235961914
1.3940026760101318
3.286000967025757
4.03100061416626
3.9429986476898193
3.9449994564056396
0.8040015697479248
3.950777769088745
1.3929634094238281
1.4260146617889404
1.3932602405548096
3.2542884349823
3.936001777648926
3.9580016136169434
3.9469997882843018
0.7750024795532227
1.0659780502319336
0.8210000991821289
0.844998836517334
0.80299973487854
0.8310010433197021
3.2290008068084717
0.8249995708465576
0.8009991645812988
0.8409998416900635
3.2560017108917236
3.2399988174438477
4.245030641555786
3.244000196456909
1.8900020122528076
1.5600006580352783
1.2740004062652588
1.6949994564056396
1.3870339393615723
1.7000007629394531
1.6520013809204102
1.47300124168396
1.3840000629425049
1.567000150680542
1.4740381240844727
1.570000410079956
1.567000389099121
1.613999366760254
1.811999797821045
1.82200026512146
0.8240010738372803
0.7670004367828369
0.8369991779327393
3.637000799179077
0.8110008239746094
0.7530009746551514
0.8310010433197021
3.6190009117126465
0.8190021514892578
0.7760002613067627
0.8179998397827148
3.233001232147217
3.2130000591278076
0.7780027389526367
0.8200011253356934
3.222999334335327
0.8170003890991211
0.774998664855957
0.8239986896514893
3.2240021228790283
3.2210001945495605
4.328999280929565
0.8200018405914307
0.7579970359802246
0.8200013637542725
4.107970714569092
4.36799955368042
4.367999792098999
4.4720001220703125
4.099030017852783
4.092999696731567
4.095000267028809
4.09600305557251
4.096667528152466
4.368998289108276
4.356001615524292
4.46600079536438
4.087998628616333
4.092997312545776
4.101999521255493
4.103004455566406
0.8180015087127686
1.0759987831115723
0.8199982643127441
0.7600002288818359
0.8219995498657227
4.196000576019287
4.34999942779541
4.363999366760254
4.480997800827026
4.099001169204712
4.193999767303467
4.187000751495361
4.189003229141235
4.188002347946167
4.097999811172485
4.3649983406066895
4.369999885559082
4.461000442504883
4.105999231338501
4.085000038146973
4.1037437915802
4.1057891845703125
4.5019989013671875
4.730000972747803
5.386000871658325
1.2840008735656738
4.1840291023254395
4.6539692878723145
5.387999534606934
5.215000629425049
4.656000852584839
4.76335334777832
4.980910778045654
5.457998752593994
3.009000539779663
5.077002048492432
3.93399977684021
0.7809991836547852
0.8280017375946045
0.8290011882781982
3.236999034881592
3.2239997386932373
4.338999509811401
0.7809998989105225
0.7690005302429199
4.177001237869263
4.364002704620361
4.362975358963013
4.453000545501709
4.089000463485718
4.176001310348511
4.273000240325928
4.247998237609863
4.075012922286987
3.0540003776550293
1.8530004024505615
1.240999698638916
1.5710010528564453
1.3659963607788086
1.3480005264282227
1.5420000553131104
1.3450024127960205
1.9310011863708496
1.5349993705749512
1.3690032958984375
1.5420002937316895
1.536010503768921
1.4519999027252197
1.5950002670288086
1.5820000171661377
1.7740144729614258
0.7460019588470459
0.7450003623962402
0.7949998378753662
3.9870011806488037
4.25200080871582
4.259998083114624
4.355002403259277
4.027381181716919
4.009001016616821
4.015000104904175
4.0210020542144775
3.989999294281006
4.303003311157227
4.319002628326416
4.416999578475952
4.0190088748931885
3.980999708175659
3.9959986209869385
4.002137660980225
1.4269993305206299
1.6270008087158203
1.5100014209747314
1.2619988918304443
1.4280006885528564
1.4729998111724854
1.4970002174377441
1.5240120887756348
1.5530002117156982
1.3480002880096436
1.430999994277954
1.334000587463379
1.328000783920288
1.436999797821045
1.427997350692749
1.433002233505249
1.4230008125305176
1.435002088546753
1.4340002536773682
0.7379987239837646
0.729999303817749
0.7479994297027588
4.064000844955444
3.981997013092041
4.252002000808716
4.245001792907715
4.354001522064209
3.9790005683898926
3.9790003299713135
3.9950006008148193
4.01099967956543
1.430999755859375
1.635000228881836
1.510000467300415
1.2670013904571533
1.4240000247955322
1.4780004024505615
1.5070035457611084
1.5289313793182373
1.5660123825073242
1.3591721057891846
1.4369988441467285
1.3372535705566406
1.360001564025879
1.4340019226074219
1.4649996757507324
1.4390816688537598
1.4527814388275146
1.4479656219482422
1.445960521697998
0.7479822635650635
0.7309813499450684
0.7409939765930176
3.647669792175293
4.287001609802246
4.272000312805176
3.6610007286071777
4.681999921798706
4.789041757583618
3.21000075340271
3.7390010356903076
3.677863836288452
0.7480013370513916
0.7316386699676514
0.7531304359436035
3.5900001525878906
0.7510006427764893
0.7540006637573242
0.7420005798339844
3.5470030307769775
0.6819992065429688
0.7460002899169922
0.743999719619751
3.5399997234344482
2.384999990463257
1.341001033782959
1.3340001106262207
1.343000888824463
3.9530022144317627
3.86076021194458
2.8369994163513184
2.5589993000030518
0.6829993724822998
4.205996990203857
1.0550017356872559
1.0670008659362793
1.0560030937194824
3.804999828338623
4.200001001358032
4.190999984741211
4.196000337600708
0.7269992828369141
2.01300048828125
1.4510011672973633
1.4340016841888428
1.440000295639038
2.3369996547698975
2.9320006370544434
1.8499999046325684
2.5730018615722656
0.7439999580383301
4.34200119972229
0.7310001850128174
2.0209996700286865
1.454998254776001
1.4370014667510986
1.4379997253417969
2.327000141143799
2.9371190071105957
1.8480005264282227
2.563001871109009
0.7270009517669678
4.059002637863159
0.7259995937347412
3.7460010051727295
0.7279999256134033
4.088000535964966
0.7309997081756592
3.734999895095825
0.7269999980926514
4.073001861572266
0.7390029430389404
3.6730000972747803
0.7860002517700195
3.914000988006592
1.3500022888183594
1.3590009212493896
1.364001750946045
3.2760307788848877
3.9579994678497314
3.921509265899658
3.9509999752044678
0.8229990005493164
0.7810349464416504
0.837000846862793
0.8189990520477295
0.8366420269012451
3.2494239807128906
0.8460025787353516
0.7730011940002441
0.8399984836578369
3.1710007190704346
0.7769999504089355
0.8189995288848877
0.7770025730133057
0.8459999561309814
3.240999460220337
0.8239996433258057
0.7720010280609131
0.8459985256195068
3.17199969291687
0.7868959903717041
3.231997013092041
0.7709989547729492
4.092979431152344
3.1699485778808594
4.334000825881958
0.7740001678466797
3.2449989318847656
0.7720003128051758
4.368999719619751
3.180999755859375
4.3349997997283936
0.8420040607452393
0.8160006999969482
0.8520011901855469
1.1050004959106445
0.8269999027252197
0.7780005931854248
0.8440017700195312
3.771000862121582
4.371999740600586
4.360005140304565
3.540999174118042
4.732001066207886
4.829998016357422
3.4340009689331055
3.8210394382476807
3.721000909805298
0.8410007953643799
0.755000114440918
0.841001033782959
3.6170010566711426
0.8289995193481445
0.7559993267059326
0.841001033782959
3.5949995517730713
0.7699980735778809
0.8250014781951904
0.7720010280609131
0.8289985656738281
3.2240004539489746
0.821997880935669
0.7700011730194092
0.8309991359710693
3.16702938079834
0.77099609375
3.2279984951019287
0.7700002193450928
0.8280031681060791
3.243997097015381
3.1650004386901855
0.768998384475708
0.819000244140625
3.1669998168945312
0.7680008411407471
0.8179943561553955
0.7719998359680176
0.8290009498596191
3.239999294281006
0.8240008354187012
0.771003007888794
0.8310000896453857
3.169001340866089
0.7680008411407471
3.2359986305236816
0.7690005302429199
4.0829997062683105
3.177002191543579
4.32300066947937
0.8229970932006836
0.7730002403259277
0.8260006904602051
3.719999074935913
0.7889986038208008
0.7350008487701416
0.7989826202392578
3.6630027294158936
2.6409997940063477
0.8789994716644287
0.8769981861114502
0.8930001258850098
3.241999864578247
3.1510016918182373
2.990999698638916
2.47499680519104
0.7269995212554932
2.6349992752075195
0.8760004043579102
0.879000186920166
0.8740012645721436
3.2430009841918945
3.1679999828338623
2.9830069541931152
2.491999626159668
0.7240002155303955
0.7385270595550537
1.0699996948242188
4.032999277114868
0.7249996662139893
0.7289996147155762
3.3354673385620117
3.4459996223449707
3.440001964569092
3.458000898361206
4.338998317718506
4.18500018119812
4.188000440597534
3.2770001888275146
2.5190014839172363
1.054002046585083
2.076998233795166
2.7820005416870117
2.798999786376953
2.8049991130828857
2.148001194000244
3.0900039672851562
3.1710002422332764
3.2519986629486084
1.772001028060913
0.7720005512237549
1.0490007400512695
0.7690320014953613
3.6269640922546387
1.0979998111724854
0.7539997100830078
0.7570011615753174
2.636000871658325
0.9040477275848389
0.9009974002838135
0.8939990997314453
3.3436427116394043
3.289747953414917
2.9590001106262207
2.586998462677002
2.627002000808716
0.7289998531341553
1.5759999752044678
1.5859997272491455
1.3779993057250977
1.325000524520874
1.3329997062683105
1.635002613067627
1.7610220909118652
1.5160017013549805
1.2009997367858887
1.3770017623901367
1.568000078201294
1.57597017288208
1.5659995079040527
1.5729975700378418
1.5630009174346924
1.5620002746582031
1.0330018997192383
1.0189993381500244
0.7259986400604248
1.0349586009979248
0.6480004787445068
1.0939483642578125
0.6620488166809082
0.7700576782226562
1.0350403785705566
0.7240207195281982
3.264429807662964
0.7719442844390869
3.6268651485443115
3.5723555088043213
0.7270007133483887
3.604001045227051
0.6500003337860107
1.0109989643096924
0.7520020008087158
0.7330000400543213
1.0240015983581543
0.7249987125396729
1.0160021781921387
0.7749981880187988
1.031999111175537
0.7109999656677246
1.0160002708435059
0.7130019664764404
1.0789992809295654
1.054999828338623
0.6960000991821289
3.5219995975494385
0.6070013046264648
0.9830005168914795
0.6960010528564453
1.0015172958374023
0.6199996471405029
0.9860033988952637
0.6230008602142334
3.5299999713897705
0.6230010986328125
0.9840002059936523
0.7229983806610107
3.82099986076355
0.687999963760376
3.799999713897705
1.336000919342041
1.527001142501831
1.4059998989105225
1.170999526977539
1.3319973945617676
1.369999885559082
1.3990018367767334
1.4200000762939453
1.449000597000122
1.2610008716583252
1.3350005149841309
1.260000228881836
1.246999979019165
1.3389995098114014
1.3350014686584473
1.3279998302459717
1.3409984111785889
1.3289995193481445
1.3429992198944092
3.7919986248016357
0.6920006275177002
3.7929999828338623
0.98699951171875
0.6909992694854736
3.798999547958374
0.7379999160766602
3.804001808166504
1.0000011920928955
0.6979994773864746
3.991000175476074
4.09600830078125
0.6859989166259766
0.9910004138946533
0.7069995403289795
3.554999351501465
0.6650002002716064
0.988001823425293
0.6330008506774902
3.7141058444976807
0.6289992332458496
3.9790027141571045
1.068998098373413
1.0560002326965332
1.065002679824829
4.099999904632568
3.99299955368042
3.9950010776519775
3.926818370819092
3.9100162982940674
0.6330006122589111
3.528000593185425
0.631000280380249
0.9899985790252686
0.7380008697509766
3.6540000438690186
0.6169998645782471
3.905998706817627
1.050999402999878
1.0490000247955322
1.06600022315979
4.075999975204468
4.006001949310303
3.9920008182525635
3.9169998168945312
3.910999298095703
0.7330009937286377
3.9609994888305664
0.6780004501342773
1.4280016422271729
1.6210010051727295
1.4000000953674316
1.1720008850097656
1.360999584197998
1.9049999713897705
1.1829993724822998
1.3339967727661133
1.2470009326934814
1.4450008869171143
1.261000394821167
1.3539998531341553
1.3470008373260498
1.4099977016448975
1.3350002765655518
1.17000150680542
2.220001459121704
0.6780002117156982
0.6870002746582031
3.1489999294281006
0.6999988555908203
1.0020005702972412
0.6769990921020508
0.6789999008178711
1.001000165939331
0.6910006999969482
0.6350009441375732
0.6789999008178711
0.6919996738433838
4.335000038146973
3.7429990768432617
3.999000310897827
3.9970011711120605
4.103998184204102
3.743999481201172
3.7489988803863525
3.749000072479248
3.7490007877349854
4.233531713485718
4.74000096321106
4.936001777648926
1.173999547958374
3.721999406814575
4.153998374938965
1.1725449562072754
3.843134880065918
4.177840948104858
3.3379995822906494
4.384000062942505
4.372999668121338
4.039999961853027
3.384999990463257
3.192009210586548
3.402000904083252
3.0289995670318604
3.6019997596740723
0.655001163482666
3.8869998455047607
0.6850001811981201
3.651996374130249
1.279057502746582
1.293868064880371
1.2860195636749268
3.012000799179077
3.6465420722961426
3.611999273300171
3.614271640777588
0.6660001277923584
3.920008897781372
1.0530004501342773
1.0530006885528564
1.0669994354248047
4.090999364852905
4.009000539779663
3.995999574661255
3.9220008850097656
3.929999828338623
0.6359996795654297
3.5270004272460938
0.6370007991790771
3.9210004806518555
1.0600016117095947
1.0599989891052246
1.0570011138916016
4.089000463485718
4.0299999713897705
4.0100038051605225
3.9210011959075928
3.921999216079712
0.695002555847168
3.529000997543335
0.6989998817443848
3.686288833618164
0.7180080413818359
0.7419993877410889
0.7260012626647949
0.7660009860992432
2.916999578475952
2.9059998989105225
3.9590003490448
0.7370014190673828
0.6760001182556152
0.7529997825622559
3.828000068664551
3.9940004348754883
3.996001958847046
4.090000629425049
3.7500011920928955
3.8290011882781982
3.834000587463379
3.9890024662017822
3.9160008430480957
4.000999689102173
4.149009943008423
4.014001131057739
4.091000556945801
3.7420012950897217
3.7489993572235107
3.748997688293457
3.7429990768432617
4.1100006103515625
4.539999485015869
4.922997236251831
1.1780016422271729
3.7200002670288086
3.8185157775878906
4.935999631881714
4.1539998054504395
3.2239999771118164
3.958000898361206
4.152001142501831
3.7079999446868896
4.677001953125
3.363999605178833
3.596998453140259
3.6400809288024902
2.842534303665161
0.6980006694793701
3.8039987087249756
1.070000410079956
0.67799973487854
0.6840002536773682
3.9910101890563965
0.6780006885528564
2.3179996013641357
0.7059981822967529
1.0039997100830078
0.6800010204315186
3.3520002365112305
3.933000087738037
3.8820011615753174
3.893000841140747
3.431001901626587
3.3479998111724854
3.3580000400543213
3.3460025787353516
3.346667528152466
0.7121591567993164
0.6809790134429932
3.418058395385742
3.9229989051818848
3.938999652862549
3.948000192642212
3.5210018157958984
3.3459982872009277
3.353001117706299
3.353999614715576
3.421001672744751
0.6909999847412109
0.6770002841949463
1.0049998760223389
0.7019987106323242
0.6979997158050537
0.68399977684021
0.693000078201294
3.319000244140625
0.6349983215332031
0.6960008144378662
0.6959991455078125
3.4300005435943604
4.000999927520752
4.00200080871582
3.213528871536255
4.440001010894775
4.425002098083496
3.0640032291412354
3.510000705718994
3.4289987087249756
1.8949999809265137
1.3549995422363281
1.3509981632232666
1.3500010967254639
2.19599986076355
2.7639997005462646
1.7299997806549072
2.443010091781616
0.643000602722168
3.8640007972717285
0.6769983768463135
3.5290000438690186
0.6820001602172852
3.8530006408691406
0.679999589920044
3.5209996700286865
0.679999828338623
3.8250010013580322
0.7210094928741455
3.604001760482788
1.2739994525909424
1.2649996280670166
1.277998685836792
2.9720191955566406
3.6130011081695557
3.610010862350464
3.6190011501312256
0.6389977931976318
3.9140007495880127
1.0500011444091797
1.056999683380127
1.0590002536773682
4.166999340057373
4.012999773025513
4.025001049041748
4.037002801895142
0.7390007972717285
3.642000436782837
0.7570011615753174
3.717029571533203
1.2759876251220703
1.2700018882751465
1.3310003280639648
2.986999988555908
3.614002227783203
3.7309985160827637
3.736999034881592
0.7560362815856934
3.7750003337860107
1.2709999084472656
1.2730004787445068
1.2789983749389648
2.9900004863739014
3.6140010356903076
3.6019983291625977
3.6100003719329834
0.7450001239776611
1.0069985389709473
0.7390007972717285
0.7590031623840332
0.7170004844665527
0.7880008220672607
3.1410040855407715
0.7730000019073486
0.731959342956543
0.7990002632141113
3.0450010299682617
3.03399920463562
3.997999906539917
3.043001413345337
1.7880239486694336
1.4790005683898926
1.2020001411437988
1.6129992008209229
1.3159990310668945
1.6169986724853516
1.5640010833740234
1.3940026760101318
1.304001808166504
1.496000051498413
1.3980002403259277
1.4870009422302246
1.4900217056274414
1.5340008735656738
1.7150003910064697
1.7149994373321533
0.7909994125366211
0.7360005378723145
0.7849991321563721
3.447011709213257
0.7710435390472412
0.7119998931884766
0.7850003242492676
3.4399991035461426
0.7760000228881836
0.7279982566833496
0.7710025310516357
3.046999454498291
3.030000925064087
0.7330000400543213
0.774000883102417
3.033000946044922
0.7720012664794922
0.7285943031311035
0.772017240524292
3.0443382263183594
3.0409998893737793
4.103000164031982
0.7749991416931152
0.7090013027191162
0.7780003547668457
3.879962205886841
4.124999046325684
4.12700080871582
4.243690729141235
3.874912738800049
3.8789327144622803
3.8942413330078125
3.8699991703033447
3.86799955368042
4.144999742507935
4.138000011444092
4.245000839233398
3.8860018253326416
3.8980000019073486
3.8909614086151123
3.8829989433288574
0.7729997634887695
1.0209994316101074
0.7710013389587402
0.7150003910064697
0.7729840278625488
3.9580020904541016
4.139002323150635
4.113999366760254
4.239001035690308
3.8819997310638428
3.953998565673828
3.9740006923675537
3.958000421524048
3.973001003265381
3.882000207901001
4.14299750328064
4.135000705718994
4.236999988555908
3.8839714527130127
3.8740265369415283
3.88700008392334
3.8749992847442627
4.26800012588501
4.483031272888184
5.106997728347778
1.2150044441223145
3.9779999256134033
4.418042421340942
5.113999605178833
4.9700026512146
4.262004613876343
4.440000772476196
4.570818662643433
5.036010265350342
3.0099992752075195
4.727999448776245
3.7359986305236816
0.7260324954986572
0.771000862121582
0.7689990997314453
3.0380403995513916
3.0339996814727783
4.140979766845703
0.7429990768432617
0.7660007476806641
4.126001596450806
4.1219987869262695
4.20100212097168
4.2769997119903564
3.8680026531219482
4.077002286911011
4.233999729156494
4.1030004024505615
4.046001672744751
2.991960287094116
1.8549985885620117
1.2120013236999512
1.5529987812042236
1.3580009937286377
1.3219990730285645
1.49300217628479
1.3290002346038818
1.9199981689453125
1.493001937866211
1.3159997463226318
1.4969995021820068
1.4970004558563232
1.42000150680542
1.6301076412200928
1.6280009746551514
1.7289998531341553
0.7260010242462158
0.7562768459320068
0.8529999256134033
3.995985746383667
4.363999366760254
2.654999256134033
2.6610000133514404
2.6540005207061768
0.6500005722045898
0.6410014629364014
0.6279990673065186
0.6250009536743164
0.6379992961883545
0.6420011520385742
2.6500003337860107
2.808000087738037
2.8189988136291504
2.810002326965332
2.799999952316284
2.786001682281494
2.8479995727539062
2.7170002460479736
2.699002742767334
2.6629996299743652
2.6360015869140625
2.6650004386901855
2.892000675201416
0.672001838684082
0.6589961051940918
2.8769991397857666
3.8160006999969482
3.8450019359588623
1.0396003723144531
0.5939984321594238
1.0310001373291016
0.5709984302520752
0.6229982376098633
0.6700010299682617
0.6560003757476807
0.5560007095336914
0.5670006275177002
0.6569969654083252
0.6440939903259277
1.050999641418457
0.5940005779266357
1.0410001277923584
0.5669984817504883
0.6300008296966553
0.6789991855621338
0.678004264831543
0.5659987926483154
0.5649971961975098
0.7140097618103027
