0.4541599750518799
0.4643120765686035
0.42772507667541504
0.45881009101867676
0.42749595642089844
0.43003416061401367
0.43658900260925293
0.44099998474121094
0.4344978332519531
0.3026459217071533
0.05800199508666992
0.059998512268066406
0.06000041961669922
0.056999921798706055
0.05900216102600098
0.061998844146728516
0.05699872970581055
0.05699586868286133
0.20400094985961914
0.052002668380737305
0.05199861526489258
0.05699896812438965
0.07899880409240723
0.060001373291015625
0.054998159408569336
0.055999755859375
0.05399799346923828
0.05499887466430664
0.06200218200683594
0.06299734115600586
0.0559999942779541
0.05999755859375
0.05300021171569824
0.06100058555603027
0.053999900817871094
0.056999921798706055
0.053999900817871094
0.05500078201293945
0.05599713325500488
0.06099820137023926
0.05903029441833496
0.05699896812438965
0.054997920989990234
0.05600380897521973
0.06702828407287598
0.054997920989990234
0.0579986572265625
0.05817055702209473
0.05299830436706543
0.05699968338012695
0.07698726654052734
0.0559999942779541
0.05903148651123047
0.05905508995056152
0.06000089645385742
0.05500030517578125
0.055999040603637695
0.059999704360961914
0.0580136775970459
0.058973073959350586
0.059000253677368164
0.05599713325500488
0.05800056457519531
0.06400132179260254
0.05599713325500488
0.057999372482299805
0.06000351905822754
0.06299781799316406
0.06100153923034668
0.05900144577026367
0.05700063705444336
0.05099821090698242
0.05299711227416992
0.059996604919433594
0.058000802993774414
0.05500030517578125
0.09300017356872559
0.0879971981048584
0.08399820327758789
0.06599831581115723
0.08599972724914551
0.07799744606018066
0.09999966621398926
0.07199954986572266
0.12599706649780273
0.07399749755859375
0.07399797439575195
0.09700226783752441
0.07799863815307617
0.13900065422058105
0.06799983978271484
0.06799912452697754
0.19299626350402832
0.057000160217285156
0.06099891662597656
0.05399918556213379
0.05499839782714844
0.056001901626586914
0.055997371673583984
0.05599856376647949
0.05199861526489258
0.061998844146728516
0.055998802185058594
0.0599977970123291
0.0559999942779541
0.056000709533691406
0.055997371673583984
0.055998802185058594
0.06000161170959473
0.06299805641174316
0.05300092697143555
0.05799746513366699
0.051999807357788086
0.05600166320800781
0.05999922752380371
0.05299878120422363
0.05499839782714844
0.05900001525878906
0.059999942779541016
0.05699968338012695
0.057997703552246094
0.05199837684631348
0.053998470306396484
0.06100153923034668
0.06099963188171387
0.05599832534790039
0.06100058555603027
0.05500197410583496
0.054999589920043945
0.055001258850097656
0.05499887466430664
0.05800175666809082
0.05699896812438965
0.0579981803894043
0.060999393463134766
0.054998159408569336
0.05599808692932129
0.053998708724975586
0.05399823188781738
0.057000160217285156
0.05999946594238281
0.052999019622802734
0.05399918556213379
0.056999921798706055
0.060997962951660156
0.05099892616271973
0.06300020217895508
0.05699753761291504
0.0559995174407959
0.052999019622802734
0.08199763298034668
0.08499813079833984
0.0820002555847168
0.0579984188079834
0.08299970626831055
0.07899904251098633
0.08000016212463379
0.062000274658203125
0.1100001335144043
0.0579981803894043
0.055997610092163086
0.08399844169616699
0.059998512268066406
0.10199880599975586
0.054998159408569336
0.06099963188171387
0.05499887466430664
0.05699920654296875
0.056998252868652344
0.05300116539001465
0.056000709533691406
0.059000492095947266
0.05500030517578125
0.052000999450683594
0.05700087547302246
0.057996511459350586
0.06399941444396973
0.059000492095947266
0.05699777603149414
0.060001373291015625
0.05599856376647949
0.05599784851074219
0.0559999942779541
0.059999704360961914
0.058997392654418945
0.0559995174407959
0.05500173568725586
0.056997060775756836
0.053999900817871094
0.05899810791015625
0.0540010929107666
0.05699968338012695
0.057999372482299805
0.05499982833862305
0.051999807357788086
0.05399727821350098
0.04999971389770508
0.05399894714355469
0.054000139236450195
0.05299711227416992
0.07300019264221191
0.05299973487854004
0.0540013313293457
0.05399727821350098
0.05099773406982422
0.05800271034240723
0.05599856376647949
0.05200028419494629
0.05399775505065918
0.0509953498840332
0.05599784851074219
0.061000823974609375
0.055997610092163086
0.05399894714355469
0.05800223350524902
0.05900120735168457
0.060997962951660156
0.06499743461608887
0.052999019622802734
0.056000471115112305
0.059999942779541016
0.05999946594238281
0.05299878120422363
0.05699896812438965
0.08299851417541504
0.08899927139282227
0.08299851417541504
0.05300021171569824
0.08199930191040039
0.07499933242797852
0.08999967575073242
0.0559999942779541
0.10100078582763672
0.0559992790222168
0.052997589111328125
0.08699870109558105
0.05399966239929199
0.09399843215942383
0.04999804496765137
0.055999040603637695
0.17199969291687012
0.06199979782104492
0.05899524688720703
0.05899858474731445
0.05600142478942871
0.056998491287231445
0.055999040603637695
0.0579981803894043
0.057997941970825195
0.05799984931945801
0.053999900817871094
0.06200003623962402
0.05899953842163086
0.055999040603637695
0.06000041961669922
0.052997589111328125
0.05999875068664551
0.06099843978881836
0.0559999942779541
0.05499768257141113
0.055999755859375
0.058997392654418945
0.06000018119812012
0.05499911308288574
0.05700087547302246
0.060999155044555664
0.054998159408569336
0.05599808692932129
0.05399823188781738
0.05899786949157715
0.0599977970123291
0.054997920989990234
0.059000253677368164
0.057997941970825195
0.0619966983795166
0.0579988956451416
0.054999589920043945
0.05099964141845703
0.055998802185058594
0.058997154235839844
0.05399727821350098
0.058997392654418945
0.05500054359436035
0.0559992790222168
0.05599784851074219
0.0579984188079834
0.05199885368347168
0.05799746513366699
0.05499863624572754
0.05300021171569824
0.06299781799316406
0.055997610092163086
0.05399966239929199
0.052999019622802734
0.0540008544921875
0.05699777603149414
0.05499982833862305
0.06299948692321777
0.08099842071533203
0.08199954032897949
0.07899737358093262
0.05599784851074219
0.08000063896179199
0.08600091934204102
0.07899904251098633
0.053998708724975586
0.09000015258789062
0.06099867820739746
0.05900120735168457
0.08199858665466309
0.053998470306396484
0.10599803924560547
0.05500078201293945
0.05699872970581055
0.17400813102722168
0.0560002326965332
0.06200218200683594
0.054998159408569336
0.05300092697143555
0.05499458312988281
0.0579984188079834
0.05899691581726074
0.23799920082092285
0.18199753761291504
1.1180002689361572
1.5930001735687256
1.540541172027588
0.05299854278564453
0.0559999942779541
0.059003353118896484
0.052999019622802734
0.05800056457519531
0.05300021171569824
0.05499911308288574
0.0540003776550293
0.0540013313293457
0.05599689483642578
0.05499744415283203
0.052999258041381836
0.05399727821350098
0.051999807357788086
0.05200052261352539
0.05699777603149414
0.05600786209106445
0.055999755859375
0.05700063705444336
0.05699872970581055
0.055999755859375
0.05600166320800781
0.057000160217285156
0.053000688552856445
0.05500030517578125
0.0520024299621582
0.0568537712097168
0.06000995635986328
0.08499765396118164
0.053999900817871094
0.058000802993774414
0.05685830116271973
0.09299898147583008
0.05299997329711914
0.08500027656555176
0.05399799346923828
0.07899951934814453
0.05700254440307617
0.05699968338012695
0.08299827575683594
0.07900071144104004
0.08800053596496582
0.08299970626831055
0.05299949645996094
0.102996826171875
0.052000999450683594
0.08899998664855957
0.05700039863586426
0.10500240325927734
0.05200028419494629
0.08800053596496582
0.10200071334838867
0.0559999942779541
0.05499863624572754
0.055001020431518555
0.08199763298034668
0.05600118637084961
0.09099960327148438
0.09400010108947754
0.055999755859375
0.10300040245056152
0.051999807357788086
0.05300188064575195
0.04999971389770508
0.05699944496154785
0.05200028419494629
0.053000688552856445
0.05399918556213379
0.053998708724975586
0.053000450134277344
0.05299949645996094
0.07600021362304688
0.05299806594848633
0.0559999942779541
0.04999947547912598
0.08800172805786133
0.05699777603149414
0.05000114440917969
0.052001953125
0.056999921798706055
0.0540003776550293
0.05699920654296875
0.056000471115112305
0.054999351501464844
0.05299973487854004
0.09300017356872559
0.12599897384643555
0.21599769592285156
0.04499983787536621
0.04600119590759277
0.3269989490509033
0.04499959945678711
0.04699826240539551
0.11699867248535156
0.04800009727478027
0.04799962043762207
0.13100028038024902
0.045000553131103516
0.0429987907409668
1.6219985485076904
0.04700064659118652
1.5990021228790283
0.045999765396118164
0.04300045967102051
0.04399871826171875
0.04400038719177246
0.045999765396118164
0.0689997673034668
0.08499860763549805
0.08800196647644043
0.07199764251708984
0.09199881553649902
0.0710000991821289
0.0840005874633789
0.08700013160705566
0.08300018310546875
0.0839989185333252
0.08400130271911621
0.08999967575073242
0.08699989318847656
0.08599853515625
0.08699822425842285
1.596998929977417
0.042000532150268555
0.04800009727478027
0.04799818992614746
0.05000162124633789
0.05399942398071289
0.06899833679199219
0.07399702072143555
0.07299995422363281
0.08899950981140137
0.08999967575073242
0.07600045204162598
0.08299899101257324
0.08699774742126465
0.08999967575073242
0.08300065994262695
0.0840001106262207
0.08799982070922852
0.08899879455566406
0.2539982795715332
0.05000019073486328
0.04700160026550293
0.044000864028930664
0.0690000057220459
0.048000335693359375
0.07100033760070801
0.07400059700012207
0.07899785041809082
0.08400130271911621
0.08299827575683594
0.08199882507324219
0.07799768447875977
0.0840005874633789
0.0930020809173584
0.0839996337890625
0.0820000171661377
0.09099888801574707
0.09200167655944824
0.08399820327758789
0.06999993324279785
0.05799984931945801
0.05699968338012695
0.058000802993774414
0.05500078201293945
0.05299997329711914
0.05800223350524902
0.05100107192993164
0.05499982833862305
0.06699991226196289
0.058999061584472656
0.07000303268432617
0.056999921798706055
0.06100010871887207
0.05699896812438965
0.05799984931945801
0.05699729919433594
0.09000039100646973
0.06899905204772949
0.0839996337890625
0.08899927139282227
0.08199763298034668
0.09000015258789062
0.09799933433532715
0.1120002269744873
0.08499932289123535
0.10399889945983887
0.08499789237976074
0.11800026893615723
0.1139974594116211
0.09599971771240234
0.1139991283416748
0.11800003051757812
0.11400198936462402
0.10899806022644043
0.11799812316894531
0.11799883842468262
0.12000226974487305
0.11500024795532227
0.12099981307983398
0.11799907684326172
0.12100076675415039
0.10299873352050781
0.11800050735473633
0.11700010299682617
0.12099862098693848
0.11900091171264648
0.11000251770019531
0.12799978256225586
0.1249992847442627
0.11199808120727539
0.11799836158752441
0.09599828720092773
0.11099958419799805
0.11900043487548828
0.11800003051757812
0.12100028991699219
0.11999917030334473
0.12200045585632324
0.1249995231628418
0.11799812316894531
0.11299991607666016
0.12999939918518066
0.11700081825256348
0.12099885940551758
0.11999869346618652
0.12299919128417969
0.12000036239624023
0.1139991283416748
0.10299825668334961
0.10999846458435059
0.11300039291381836
0.11500120162963867
0.12000036239624023
0.11500144004821777
0.11599969863891602
0.12599921226501465
0.1139991283416748
0.11500096321105957
0.11699867248535156
0.10700082778930664
0.11099934577941895
0.11900115013122559
0.1100006103515625
0.11499977111816406
0.10800004005432129
0.1159975528717041
0.12099981307983398
0.11400008201599121
0.197998046875
0.060999393463134766
0.055001020431518555
0.060997962951660156
0.057999610900878906
0.05800151824951172
0.05499863624572754
0.061000823974609375
0.061998605728149414
0.0540003776550293
0.05599665641784668
0.05200004577636719
0.059999704360961914
0.056000471115112305
0.055999755859375
0.05400228500366211
0.05699896812438965
0.054997920989990234
0.08899879455566406
0.05399966239929199
0.07999658584594727
0.08100080490112305
0.0840005874633789
0.07799935340881348
0.08900284767150879
0.08900022506713867
0.08400082588195801
0.0840001106262207
0.07999658584594727
0.09999680519104004
0.09900116920471191
0.08300018310546875
0.09800004959106445
0.09800028800964355
0.10000014305114746
0.10399913787841797
0.10199975967407227
0.10999774932861328
0.12000012397766113
0.11599946022033691
0.11700034141540527
0.11900043487548828
0.11899876594543457
0.1100001335144043
0.12599968910217285
0.12199902534484863
0.0969996452331543
0.13399815559387207
0.10799956321716309
0.11099839210510254
0.11299896240234375
0.11299800872802734
0.11999917030334473
0.11399960517883301
0.11800026893615723
0.12400031089782715
0.12399911880493164
0.11699938774108887
0.12299942970275879
0.10999894142150879
3.132997989654541
0.05799984931945801
0.06000041961669922
0.051999568939208984
0.055001258850097656
0.05299973487854004
0.055998802185058594
0.0540006160736084
0.05900311470031738
0.06000161170959473
0.05099773406982422
0.0559995174407959
0.04999876022338867
0.053000450134277344
0.055999755859375
0.05699777603149414
0.04999971389770508
0.05800008773803711
0.09700155258178711
0.05700206756591797
0.08499979972839355
0.08199906349182129
0.07799720764160156
0.06999802589416504
0.09399986267089844
0.10900044441223145
0.09299945831298828
0.10399842262268066
0.09099936485290527
0.11500096321105957
0.10596728324890137
0.0950002670288086
0.11299920082092285
0.11699938774108887
0.13402056694030762
0.11199641227722168
0.11699748039245605
0.12099814414978027
0.11899948120117188
0.11699581146240234
0.11399650573730469
0.11599850654602051
0.11400008201599121
0.10099935531616211
0.10400032997131348
0.09599733352661133
0.10699987411499023
0.10399842262268066
0.09299564361572266
0.0969994068145752
0.10400009155273438
0.10599923133850098
0.10000061988830566
0.09099960327148438
0.10099983215332031
0.09999990463256836
0.09300017356872559
0.0989997386932373
0.09999918937683105
0.10699939727783203
0.09799981117248535
0.10000014305114746
0.10000014305114746
0.10000014305114746
0.10000038146972656
0.09999990463256836
0.10100007057189941
0.10000014305114746
0.09399986267089844
0.09300017356872559
0.09600019454956055
0.23299670219421387
0.05499982833862305
0.05099320411682129
0.04900026321411133
0.05299997329711914
0.04999971389770508
0.06000065803527832
0.05799984931945801
0.053999900817871094
0.05900168418884277
0.05699968338012695
0.05200052261352539
0.05399727821350098
0.05600094795227051
0.05399680137634277
0.05699872970581055
0.054001808166503906
0.05399727821350098
0.09099769592285156
0.053000688552856445
0.0820000171661377
0.08299851417541504
0.07800006866455078
0.0729990005493164
0.08099746704101562
0.09000205993652344
0.07799911499023438
0.07999658584594727
0.08199882507324219
0.10300016403198242
0.09199953079223633
0.08299922943115234
0.10000014305114746
0.10100030899047852
0.09799981117248535
0.09799981117248535
0.09699702262878418
0.09999990463256836
0.09799861907958984
0.1009988784790039
0.0970003604888916
0.10099625587463379
0.09799766540527344
0.0970005989074707
0.09899640083312988
0.0970001220703125
0.0980074405670166
0.10001230239868164
0.08800244331359863
0.09900021553039551
0.10100030899047852
0.09799671173095703
0.09900045394897461
0.08700203895568848
0.09699773788452148
0.09799838066101074
0.10300016403198242
0.0989990234375
0.09598493576049805
0.10300350189208984
0.12100005149841309
0.11300206184387207
0.11600017547607422
0.11499953269958496
0.11900115013122559
0.11899924278259277
0.1099996566772461
0.11299848556518555
0.11799860000610352
0.1100001335144043
0.11999917030334473
0.27699947357177734
0.048996925354003906
0.051996707916259766
0.06899762153625488
0.05299997329711914
0.04699873924255371
0.06699967384338379
0.0780026912689209
0.07500004768371582
0.07199931144714355
0.08099985122680664
0.09100103378295898
0.0820000171661377
0.08699941635131836
0.09399700164794922
1.5020027160644531
1.5000016689300537
1.5849997997283936
0.06299972534179688
0.08700108528137207
0.09299945831298828
0.11499905586242676
0.11699962615966797
0.12000012397766113
0.12800025939941406
1.5819993019104004
0.06499958038330078
0.08899950981140137
0.09400010108947754
0.12000107765197754
0.12800002098083496
0.13147282600402832
0.13900017738342285
1.6879997253417969
0.06099867820739746
0.09600138664245605
0.10999774932861328
0.11899757385253906
0.11899948120117188
0.12799954414367676
0.13599872589111328
0.14399957656860352
0.13299918174743652
0.06599974632263184
0.09100031852722168
0.0989997386932373
0.11600017547607422
0.16800189018249512
0.16500163078308105
0.13599944114685059
0.14499974250793457
0.13499975204467773
0.13200068473815918
0.1359996795654297
0.1309983730316162
0.1309983730316162
0.13299965858459473
0.02499985694885254
0.08899974822998047
0.10999727249145508
0.13399791717529297
0.1269984245300293
0.11600017547607422
0.13299965858459473
0.1360001564025879
0.13299965858459473
0.1359996795654297
0.06399917602539062
0.0800015926361084
0.08999967575073242
0.11700034141540527
0.1269993782043457
0.12199831008911133
0.1270005702972412
0.13306093215942383
0.15899991989135742
0.127000093460083
0.16499543190002441
0.12599921226501465
0.13400006294250488
0.13299989700317383
0.13499951362609863
0.13899993896484375
0.06499958038330078
0.08700156211853027
0.10099935531616211
0.12500214576721191
0.12700152397155762
0.12399888038635254
0.13499975204467773
0.13100147247314453
0.13100075721740723
0.11599946022033691
0.02800130844116211
0.09099769592285156
0.024999141693115234
0.10799956321716309
0.10099959373474121
0.13800358772277832
0.11500120162963867
0.12800002098083496
0.14400005340576172
0.13900256156921387
0.13099980354309082
0.13899993896484375
0.13999605178833008
0.13700008392333984
0.13499975204467773
0.13000226020812988
0.12900042533874512
0.13399982452392578
0.13199996948242188
0.1269991397857666
0.13199806213378906
0.10999917984008789
0.12999796867370605
0.13000011444091797
0.12999916076660156
0.13300156593322754
0.1510012149810791
0.12400031089782715
0.12400102615356445
0.14399957656860352
0.12600183486938477
0.12600064277648926
0.12900042533874512
0.13300037384033203
0.12900114059448242
0.13399934768676758
0.1249992847442627
0.12399983406066895
0.15399765968322754
0.13499712944030762
0.125
0.13899993896484375
0.12299966812133789
0.14499998092651367
0.13000154495239258
0.12900304794311523
0.12800168991088867
0.16100001335144043
0.13500046730041504
0.13300156593322754
0.13800048828125
0.12100028991699219
0.13199949264526367
0.1249997615814209
0.1269974708557129
0.13599920272827148
0.13500046730041504
0.1250002384185791
0.12899994850158691
0.16099905967712402
0.15800046920776367
0.13000011444091797
0.056999921798706055
0.05900311470031738
0.05800271034240723
0.08299946784973145
0.09999847412109375
0.09300017356872559
0.11700034141540527
0.1190025806427002
0.12700891494750977
0.14001059532165527
0.12301325798034668
0.12210988998413086
0.13398289680480957
0.1371157169342041
0.12102007865905762
0.12799978256225586
0.12399864196777344
0.12300825119018555
0.12699651718139648
0.13299798965454102
0.1280364990234375
0.12300372123718262
0.12599921226501465
0.1250007152557373
0.12599778175354004
0.1309981346130371
0.13099908828735352
0.1360008716583252
0.14400005340576172
0.1379995346069336
0.13099884986877441
0.13499951362609863
0.12899994850158691
0.1250007152557373
0.11799955368041992
0.1360001564025879
0.12199997901916504
0.13499927520751953
0.15800261497497559
0.14100098609924316
0.059999942779541016
0.08799862861633301
0.102996826171875
0.12599849700927734
0.12999987602233887
0.13399696350097656
0.13200092315673828
0.14599990844726562
0.1210024356842041
0.11799955368041992
0.12299919128417969
0.14099979400634766
0.13299989700317383
0.13900017738342285
0.12399888038635254
0.14100003242492676
0.06300020217895508
0.09100031852722168
0.10399985313415527
0.1269998550415039
0.1270003318786621
0.1340019702911377
0.16900038719177246
0.17500090599060059
0.1699986457824707
0.17003083229064941
0.1569981575012207
0.15999984741210938
0.07600140571594238
0.07199907302856445
0.0709993839263916
0.11299777030944824
0.13299894332885742
0.13300037384033203
0.14999723434448242
0.13400030136108398
0.15700221061706543
0.13499808311462402
0.1569991111755371
0.1660013198852539
0.16500091552734375
0.15599966049194336
0.1770017147064209
0.15796256065368652
0.1540231704711914
0.1549978256225586
0.1680445671081543
0.16495037078857422
0.16700172424316406
0.16300129890441895
0.15600132942199707
0.1660020351409912
0.1699991226196289
0.14800119400024414
0.15399956703186035
0.1609971523284912
0.16500067710876465
0.17199921607971191
0.09800100326538086
0.1029963493347168
0.11099863052368164
0.13500142097473145
0.13399982452392578
0.15700101852416992
0.162001371383667
0.15700006484985352
0.07300019264221191
0.07400250434875488
0.0729990005493164
0.10900020599365234
0.13499927520751953
0.07599949836730957
0.19699811935424805
0.13700008392333984
0.1640000343322754
0.1549990177154541
0.15199780464172363
0.16699981689453125
0.15600204467773438
0.16700029373168945
0.15700221061706543
0.16000056266784668
0.1530013084411621
0.1529998779296875
0.17499709129333496
0.16699934005737305
0.15400147438049316
0.08299922943115234
0.10100245475769043
0.1289997100830078
0.1679975986480713
0.1620008945465088
0.152998685836792
0.1530015468597412
0.1569993495941162
0.18000102043151855
0.08000016212463379
0.1119999885559082
0.1289994716644287
0.15399980545043945
0.1379988193511963
0.13399934768676758
0.13099980354309082
0.14100122451782227
0.11999845504760742
0.12200021743774414
0.127000093460083
0.13699960708618164
0.06399965286254883
0.09000015258789062
0.10600137710571289
0.1250014305114746
0.13099956512451172
0.13099884986877441
0.13699936866760254
0.13499832153320312
0.14100003242492676
0.11899805068969727
0.14099907875061035
0.14999961853027344
0.18600082397460938
0.17199993133544922
0.1819934844970703
0.17400002479553223
0.15599966049194336
0.16800236701965332
0.1770014762878418
0.17399978637695312
0.15900087356567383
0.18300175666809082
0.18199753761291504
0.10500144958496094
0.09800004959106445
0.12399983406066895
0.12400150299072266
0.13300371170043945
0.15900015830993652
0.16299986839294434
0.1640000343322754
0.1813044548034668
0.10300207138061523
0.10300064086914062
0.11499929428100586
0.12299871444702148
0.13599848747253418
0.1680004596710205
0.16700029373168945
0.15999865531921387
0.07599949836730957
0.07399654388427734
0.07399988174438477
0.11899924278259277
0.1569995880126953
0.14299702644348145
0.1399989128112793
0.15399932861328125
0.16300201416015625
0.16899895668029785
0.14999771118164062
0.16900014877319336
0.1569981575012207
0.15999889373779297
0.1640005111694336
0.1569993495941162
0.17000055313110352
0.16499996185302734
0.16899991035461426
0.15800070762634277
0.15700101852416992
0.1679995059967041
0.15800070762634277
0.16199946403503418
0.17799854278564453
0.1680302619934082
0.1309971809387207
0.14999938011169434
0.07500004768371582
0.08100056648254395
0.08900046348571777
0.11799931526184082
0.14200115203857422
0.12299966812133789
0.12900042533874512
0.12999963760375977
0.12499833106994629
0.12199974060058594
0.13100051879882812
0.07599759101867676
0.07499837875366211
0.09300017356872559
0.1139988899230957
0.12899994850158691
0.13100194931030273
0.13199949264526367
0.13000011444091797
0.12599945068359375
0.12100028991699219
0.1340010166168213
0.1289994716644287
0.12299990653991699
0.11999988555908203
0.13000082969665527
0.12799835205078125
0.10999703407287598
0.1289994716644287
0.16100001335144043
0.16700100898742676
0.09499692916870117
0.0969998836517334
0.11100292205810547
0.16900110244750977
0.1509993076324463
0.1589975357055664
0.17000102996826172
0.16299748420715332
0.17299938201904297
0.08900022506713867
0.11500358581542969
0.13300132751464844
0.20499897003173828
0.1750035285949707
0.1699995994567871
0.1639995574951172
0.1770014762878418
0.18600058555603027
0.16700029373168945
0.15799975395202637
0.17299747467041016
0.182999849319458
0.17199969291687012
0.16500163078308105
0.18400001525878906
0.17699933052062988
0.17999839782714844
0.16499853134155273
0.08700013160705566
0.11100006103515625
0.14899897575378418
0.17499685287475586
0.15000104904174805
0.165999174118042
0.16100001335144043
0.17100048065185547
0.18800139427185059
0.08300042152404785
0.11999821662902832
0.13600564002990723
0.15299677848815918
0.1719987392425537
0.17699813842773438
0.18300175666809082
0.17999958992004395
0.16500043869018555
0.16899895668029785
0.1589956283569336
0.0879981517791748
0.10500121116638184
0.1419994831085205
0.17100024223327637
0.15900039672851562
0.15399980545043945
0.1569993495941162
0.17000079154968262
0.1569983959197998
0.08101058006286621
0.10394096374511719
0.13184738159179688
0.17187714576721191
0.15799832344055176
0.15999937057495117
0.1550312042236328
0.18300080299377441
0.16299796104431152
0.1679985523223877
0.17099976539611816
0.1659998893737793
0.1699995994567871
0.1569967269897461
0.1780085563659668
0.1719975471496582
0.17199945449829102
0.15599989891052246
0.15700292587280273
0.18500304222106934
0.1569993495941162
0.1770012378692627
0.08300113677978516
0.11700034141540527
0.0840003490447998
0.11900043487548828
0.13099980354309082
0.1379988193511963
0.165999174118042
0.1509993076324463
0.15800070762634277
0.13499903678894043
0.15899991989135742
0.16299939155578613
0.1679990291595459
0.1660010814666748
0.17699813842773438
0.17099809646606445
0.15399718284606934
0.17100048065185547
0.1550004482269287
0.17199945449829102
0.1529991626739502
0.17199993133544922
0.15900087356567383
0.17399978637695312
0.1569993495941162
0.17000246047973633
0.15599775314331055
0.1530017852783203
0.17599821090698242
0.17399859428405762
0.15400028228759766
0.17199945449829102
0.1640000343322754
0.17000031471252441
0.15403389930725098
0.15199780464172363
0.17100024223327637
0.17299938201904297
0.15599822998046875
0.17600154876708984
0.17502260208129883
0.09600043296813965
0.0970005989074707
0.11200141906738281
0.12200093269348145
0.13599777221679688
0.15999865531921387
0.1620018482208252
0.1759965419769287
0.09800076484680176
0.09600019454956055
0.1100001335144043
0.11899995803833008
0.13399958610534668
0.15899991989135742
0.16899943351745605
0.17297649383544922
0.17299962043762207
0.17199945449829102
0.1659998893737793
0.17103052139282227
0.17300057411193848
0.09600043296813965
0.0969998836517334
0.11999988555908203
0.12099981307983398
0.1360008716583252
0.15800070762634277
0.16099977493286133
0.1640028953552246
0.17300081253051758
0.0989992618560791
0.10000085830688477
0.11400079727172852
0.12199878692626953
0.136000394821167
0.15899896621704102
0.16501474380493164
0.15999960899353027
0.07300090789794922
0.07299923896789551
0.07400059700012207
0.10800027847290039
0.14799857139587402
0.13100075721740723
0.16500020027160645
0.17800331115722656
0.15899944305419922
0.13806653022766113
0.1620011329650879
0.14700055122375488
0.17600226402282715
0.1679978370666504
0.15700006484985352
0.16900110244750977
0.17300033569335938
0.14899945259094238
0.15500187873840332
0.17299842834472656
0.15899896621704102
0.16100001335144043
0.17400217056274414
0.0969994068145752
0.09800100326538086
0.11900043487548828
0.11999773979187012
0.13299942016601562
0.15852832794189453
0.1360023021697998
0.12999963760375977
0.12900280952453613
0.15699553489685059
0.06799888610839844
0.05899691581726074
0.06899690628051758
0.10100221633911133
0.10500097274780273
0.09600281715393066
0.12900018692016602
0.1269986629486084
0.12099885940551758
0.12800002098083496
0.1300046443939209
0.1340012550354004
0.14100003242492676
0.14299917221069336
0.13300013542175293
0.1249990463256836
0.11999893188476562
0.1380002498626709
0.14099907875061035
0.07800030708312988
0.07599949836730957
0.08700013160705566
0.10000038146972656
0.10599970817565918
0.12400007247924805
0.13000035285949707
0.1419992446899414
0.07700014114379883
0.08099961280822754
0.08800148963928223
0.10100078582763672
0.11299896240234375
0.1269998550415039
0.13200139999389648
0.12599706649780273
0.05799984931945801
0.0559999942779541
0.05899810791015625
0.10799932479858398
0.10400009155273438
0.09499645233154297
0.11500096321105957
0.11599946022033691
0.12399983406066895
0.14400076866149902
0.12299990653991699
0.12799978256225586
0.13100147247314453
0.13300085067749023
0.12399935722351074
0.12899994850158691
0.1269972324371338
0.13000011444091797
0.1249997615814209
0.12099981307983398
0.12299942970275879
0.14099860191345215
0.1419999599456787
0.08299994468688965
0.07499909400939941
0.08999967575073242
0.09599995613098145
0.10899901390075684
0.1249997615814209
0.12999916076660156
0.125
0.056998252868652344
0.0579984188079834
0.05699801445007324
0.08999896049499512
0.10400104522705078
0.09999895095825195
0.125
0.11599969863891602
0.12599897384643555
0.1400003433227539
0.1270005702972412
0.12800049781799316
0.13400030136108398
0.1380016803741455
0.13000011444091797
0.12800335884094238
0.12701082229614258
0.13000154495239258
0.12298965454101562
0.1250009536743164
0.12499737739562988
0.1307680606842041
0.06399989128112793
0.0735325813293457
0.08899974822998047
0.11699914932250977
0.13199877738952637
0.1269984245300293
0.12200021743774414
0.1250007152557373
0.12199997901916504
0.12100028991699219
0.12199974060058594
0.13100075721740723
0.12799930572509766
0.12400007247924805
0.12600040435791016
0.12800192832946777
0.11499834060668945
0.12399768829345703
0.11899995803833008
0.12599945068359375
0.13399958610534668
0.07300019264221191
0.09299945831298828
0.09999871253967285
0.13599872589111328
0.12599802017211914
0.12399768829345703
0.12800264358520508
0.11999988555908203
0.13399982452392578
0.07599806785583496
0.08499979972839355
0.09800004959106445
0.12800002098083496
0.11299967765808105
0.12400007247924805
0.12900018692016602
0.13899922370910645
0.1289992332458496
0.06899619102478027
0.0839986801147461
0.10299897193908691
0.14600110054016113
0.11999869346618652
0.12200093269348145
0.1289994716644287
0.12199926376342773
0.13699936866760254
0.13399887084960938
0.12800168991088867
0.07300162315368652
0.0839998722076416
0.10399770736694336
0.1379988193511963
0.12400031089782715
0.12099838256835938
0.1269998550415039
0.13099932670593262
0.1379997730255127
0.1309974193572998
0.12100100517272949
0.12999773025512695
0.1289982795715332
0.13300061225891113
0.12099957466125488
0.13499951362609863
0.13399982452392578
0.14500021934509277
0.12199950218200684
0.13499975204467773
0.15003156661987305
0.07700061798095703
0.10399913787841797
0.13699889183044434
0.16699981689453125
0.16000008583068848
0.15199899673461914
0.15000200271606445
0.17000126838684082
0.16797113418579102
0.17200040817260742
0.1680009365081787
0.17300176620483398
0.15199851989746094
0.17599821090698242
0.16800212860107422
0.17300033569335938
0.16500067710876465
0.16599798202514648
0.1680009365081787
0.15999746322631836
0.16899752616882324
0.1529991626739502
0.1900005340576172
0.16899919509887695
0.17200112342834473
0.15899968147277832
0.17100095748901367
0.15400052070617676
0.17099952697753906
0.16299986839294434
0.15899872779846191
0.17299771308898926
0.16900038719177246
0.15200090408325195
0.17199945449829102
0.1620330810546875
0.15199971199035645
0.18300080299377441
0.167999267578125
0.16499972343444824
0.1829993724822998
0.16199994087219238
0.18199825286865234
0.16300034523010254
0.17200255393981934
0.17300128936767578
0.08299756050109863
0.08899688720703125
0.1119999885559082
0.15199899673461914
0.14699840545654297
0.1529994010925293
0.15399932861328125
0.15799880027770996
0.17400002479553223
0.15600061416625977
0.17199969291687012
0.1569967269897461
0.1699981689453125
0.1550006866455078
0.1659994125366211
0.15600037574768066
0.1750013828277588
0.16699862480163574
0.16199898719787598
0.16903424263000488
0.15199971199035645
0.17999982833862305
0.17200064659118652
0.17000031471252441
0.15899968147277832
0.1679985523223877
0.15500140190124512
0.16899824142456055
0.17300033569335938
0.15199828147888184
0.1549992561340332
0.1699988842010498
0.1680004596710205
0.1530013084411621
0.1659998893737793
0.16899919509887695
0.1680004596710205
0.169999361038208
0.1510000228881836
0.17200088500976562
0.1699986457824707
0.17200064659118652
0.15399956703186035
0.169999361038208
0.1530003547668457
0.167999267578125
0.16200041770935059
0.154998779296875
0.17000055313110352
0.17099881172180176
0.15599918365478516
0.17200112342834473
0.16099858283996582
0.13699984550476074
0.12599992752075195
0.13099956512451172
0.12799811363220215
0.0689995288848877
