0.08600115776062012
0.03200054168701172
0.03299260139465332
0.03400015830993652
0.007003068923950195
0.009001493453979492
0.007000923156738281
0.008001089096069336
0.009000778198242188
0.005998134613037109
0.0069997310638427734
0.006001710891723633
0.00699925422668457
0.00799703598022461
0.008000373840332031
0.00699925422668457
0.007998466491699219
0.008001565933227539
0.009000062942504883
0.004999399185180664
0.009004354476928711
0.006998777389526367
0.007002353668212891
0.00599980354309082
0.007997274398803711
0.005999565124511719
0.005999326705932617
0.010001659393310547
0.006000041961669922
0.008000373840332031
0.00599980354309082
0.010000467300415039
0.00900125503540039
0.007003307342529297
0.0070002079010009766
0.006001472473144531
0.00800013542175293
0.008000612258911133
0.008000612258911133
0.012000799179077148
0.0050013065338134766
0.008002042770385742
0.005999088287353516
0.006999492645263672
0.0060002803802490234
0.005998134613037109
0.007001161575317383
0.00599980354309082
0.0069963932037353516
0.004998683929443359
0.006999969482421875
0.01000070571899414
0.028001785278320312
0.0060002803802490234
0.007000923156738281
0.009000539779663086
0.009002685546875
0.006999492645263672
0.007002830505371094
0.008000612258911133
0.00599980354309082
0.007999420166015625
0.005999088287353516
0.006999969482421875
0.006998300552368164
0.007997512817382812
0.00500035285949707
0.006000041961669922
0.006999492645263672
0.008000612258911133
0.00599980354309082
0.006000041961669922
0.006000041961669922
0.0059986114501953125
0.00699925422668457
0.00800180435180664
0.007998943328857422
0.00800013542175293
0.0110015869140625
0.008997917175292969
0.007001161575317383
0.010000944137573242
0.008000373840332031
0.00600123405456543
0.006002902984619141
0.006997346878051758
0.009999990463256836
0.00500035285949707
0.005999326705932617
0.005997657775878906
0.009999275207519531
0.005998373031616211
0.007001638412475586
0.004999876022338867
0.006000041961669922
0.00800013542175293
0.006001472473144531
0.0060002803802490234
0.00699925422668457
0.0070018768310546875
0.004999876022338867
0.00699925422668457
0.005997419357299805
0.007002592086791992
0.007001399993896484
0.008999824523925781
0.0059986114501953125
0.00500035285949707
0.005999565124511719
0.00800013542175293
0.007999658584594727
0.004999637603759766
0.006000041961669922
0.006997108459472656
0.005999088287353516
0.005997419357299805
0.007999420166015625
0.008001565933227539
0.007999658584594727
0.006000518798828125
0.010997295379638672
0.008002281188964844
0.009000301361083984
0.005998849868774414
0.006003856658935547
0.0059969425201416016
0.0060007572174072266
0.008002281188964844
0.006997108459472656
0.008001327514648438
0.009000301361083984
0.00599980354309082
0.005998373031616211
0.005998134613037109
0.004998683929443359
0.007001399993896484
0.006000041961669922
0.009000062942504883
0.010000944137573242
0.005998849868774414
0.00599980354309082
0.009999275207519531
0.008000373840332031
0.0060002803802490234
0.007002592086791992
0.00899958610534668
0.006003141403198242
0.005997657775878906
0.004999399185180664
0.005997419357299805
0.0069980621337890625
0.008001327514648438
0.005999565124511719
0.006999492645263672
0.006999492645263672
0.010169744491577148
0.0059986114501953125
0.0069980621337890625
0.006997346878051758
0.007001161575317383
0.005998373031616211
0.007000446319580078
0.008999824523925781
0.006000518798828125
0.008997678756713867
0.008998870849609375
0.005000114440917969
0.007999420166015625
0.005999565124511719
0.006999015808105469
0.005997657775878906
0.009002447128295898
0.007002830505371094
0.010032415390014648
0.0060002803802490234
0.0059986114501953125
0.007002592086791992
0.013053655624389648
0.004999876022338867
0.006997823715209961
0.005998373031616211
0.006996631622314453
0.00700068473815918
0.010000228881835938
0.006001949310302734
0.005998373031616211
0.0060024261474609375
0.00699925422668457
0.009001970291137695
0.00599980354309082
0.006001949310302734
0.005997657775878906
0.0060002803802490234
0.006998777389526367
0.00800180435180664
0.010000228881835938
0.006999015808105469
0.006000041961669922
0.00800013542175293
0.009999990463256836
0.006999492645263672
0.005998849868774414
0.006999015808105469
0.007002592086791992
0.01199960708618164
0.007000923156738281
0.00800180435180664
0.00599980354309082
0.007998228073120117
0.009001970291137695
0.006002187728881836
0.004999637603759766
0.005997657775878906
0.008998632431030273
0.0069980621337890625
0.006001949310302734
0.005999565124511719
0.012999296188354492
0.0070002079010009766
0.0059986114501953125
0.009001731872558594
0.007001399993896484
0.006000041961669922
0.00599980354309082
0.009999275207519531
0.008000373840332031
0.008999109268188477
0.004999876022338867
0.008002042770385742
0.007999897003173828
0.009003162384033203
0.005998373031616211
0.008999109268188477
0.00900125503540039
0.008001089096069336
0.0060002803802490234
0.007000446319580078
0.010001182556152344
0.009999275207519531
0.008001327514648438
0.00699925422668457
0.012999534606933594
0.00599980354309082
0.00500035285949707
0.0059986114501953125
0.007999181747436523
0.009999990463256836
0.006001710891723633
0.008000373840332031
0.009000539779663086
0.00500035285949707
0.006000041961669922
0.008999347686767578
0.008000373840332031
0.0050008296966552734
0.00599980354309082
0.00900411605834961
0.0059986114501953125
0.005998373031616211
0.007999181747436523
0.008001089096069336
0.00599980354309082
0.0060002803802490234
0.007001161575317383
0.006000518798828125
0.0069980621337890625
0.0059986114501953125
0.007999897003173828
0.007001161575317383
0.0059967041015625
0.009999990463256836
0.007001161575317383
0.005002021789550781
0.008998394012451172
0.007002115249633789
0.009998083114624023
0.005999565124511719
0.006001949310302734
0.004999399185180664
0.0060040950775146484
0.004998207092285156
0.0069997310638427734
0.004999876022338867
0.006997346878051758
0.006999015808105469
0.010000467300415039
0.00600123405456543
0.005000591278076172
0.007998943328857422
0.010001897811889648
0.012996673583984375
0.006999969482421875
0.0069997310638427734
0.006997585296630859
0.007997512817382812
0.006997585296630859
0.00900125503540039
0.006000995635986328
0.0069997310638427734
0.008001089096069336
0.005998849868774414
0.006998538970947266
0.006998777389526367
0.0070018768310546875
0.005000114440917969
0.006000518798828125
0.0069997310638427734
0.006999969482421875
0.006998538970947266
0.00800013542175293
0.006999969482421875
0.011000633239746094
0.007997274398803711
0.006999969482421875
0.008998394012451172
0.00699925422668457
0.009002923965454102
0.008000612258911133
0.0070002079010009766
0.006997346878051758
0.006998538970947266
0.017000436782836914
0.00799703598022461
0.01100015640258789
0.008002758026123047
0.009999275207519531
0.009026050567626953
0.006995439529418945
0.009001016616821289
0.00999903678894043
0.007999420166015625
0.006997346878051758
0.008001565933227539
0.007998466491699219
0.007001399993896484
0.008001089096069336
0.006999492645263672
0.006998300552368164
0.006997823715209961
0.009000062942504883
0.007000446319580078
0.007999181747436523
0.010001897811889648
0.010996818542480469
0.009001970291137695
0.006998300552368164
0.006997585296630859
0.007000923156738281
0.009999752044677734
0.009000539779663086
0.008003473281860352
0.006998300552368164
0.007000923156738281
0.00899958610534668
0.006999015808105469
0.009998798370361328
0.007000923156738281
0.006998300552368164
0.008997201919555664
0.007000446319580078
0.007999420166015625
0.007000923156738281
0.00799870491027832
0.006001472473144531
0.004997968673706055
0.007999897003173828
0.005999565124511719
0.008001089096069336
0.007999658584594727
0.005999326705932617
0.009996652603149414
0.0069997310638427734
0.008000373840332031
0.010001182556152344
0.00699925422668457
0.007001638412475586
0.009002447128295898
0.005997896194458008
0.007003307342529297
0.01099848747253418
0.00600123405456543
0.0060002803802490234
0.009001970291137695
0.00700068473815918
0.008002042770385742
0.0060002803802490234
0.00699925422668457
0.007998228073120117
0.005001544952392578
0.007002115249633789
0.006000041961669922
0.008997440338134766
0.005998849868774414
0.007999897003173828
0.007002115249633789
0.008000850677490234
0.007000923156738281
0.004999637603759766
0.00800180435180664
0.006996870040893555
0.007998943328857422
0.008001089096069336
0.004998683929443359
0.00599980354309082
0.006998777389526367
0.007997751235961914
0.012002229690551758
0.006000518798828125
0.005998373031616211
0.005999326705932617
0.007001161575317383
0.006998777389526367
0.007000446319580078
0.0059986114501953125
0.006002187728881836
0.009000778198242188
0.0060002803802490234
0.006999015808105469
0.0059969425201416016
0.0060002803802490234
0.004999876022338867
0.007998943328857422
0.006000995635986328
0.007998228073120117
0.00599980354309082
0.007000923156738281
0.007002592086791992
0.006999015808105469
0.007999420166015625
0.004999399185180664
0.00599980354309082
0.00899815559387207
0.006997346878051758
0.008001565933227539
0.007998943328857422
0.004999876022338867
0.004998683929443359
0.009000062942504883
0.009001970291137695
0.007002353668212891
0.009001731872558594
0.004999876022338867
0.007001638412475586
0.008999347686767578
0.006999969482421875
0.005998134613037109
0.005998849868774414
0.0069980621337890625
0.010001420974731445
0.006001710891723633
0.00599980354309082
0.006000518798828125
0.006001472473144531
0.005997419357299805
0.0060002803802490234
0.00699925422668457
0.00599980354309082
0.0070002079010009766
0.006002187728881836
0.008000612258911133
0.006002187728881836
0.007001399993896484
0.006999492645263672
0.010996818542480469
0.006999492645263672
0.0060002803802490234
0.007002830505371094
0.00999760627746582
0.006997585296630859
0.00599980354309082
0.006000041961669922
0.008998394012451172
0.008000373840332031
0.0059969425201416016
0.00599980354309082
0.006998538970947266
0.00699925422668457
0.007999658584594727
0.008998870849609375
0.007000923156738281
0.007001638412475586
0.00599980354309082
0.006000041961669922
0.005999565124511719
0.006000041961669922
0.009000778198242188
0.009001731872558594
0.009999275207519531
0.010001182556152344
0.004999637603759766
0.011001110076904297
0.0070002079010009766
0.010004043579101562
0.0060007572174072266
0.006999015808105469
0.010001659393310547
0.006998538970947266
0.0049974918365478516
0.005999326705932617
0.0069959163665771484
0.007998228073120117
0.00899958610534668
0.006002187728881836
0.007001161575317383
0.006998777389526367
0.0060002803802490234
0.006002664566040039
0.0049991607666015625
0.006000518798828125
0.005999088287353516
0.005999326705932617
0.008002042770385742
0.008000612258911133
0.004999399185180664
0.0059969425201416016
0.006996870040893555
0.007998466491699219
0.00599980354309082
0.006000041961669922
0.00799703598022461
0.008001089096069336
0.007000446319580078
0.007998943328857422
0.00599980354309082
0.004999876022338867
0.007999181747436523
0.00599980354309082
0.010000467300415039
0.007999658584594727
0.00700068473815918
0.008999824523925781
0.006000041961669922
0.00599980354309082
0.006000041961669922
0.007999658584594727
0.007999420166015625
0.005000114440917969
0.006000041961669922
0.005999565124511719
0.0070002079010009766
0.006000041961669922
0.006999492645263672
0.0070002079010009766
0.00599980354309082
0.005999326705932617
0.0060007572174072266
0.008998394012451172
0.00699925422668457
0.004999876022338867
0.004999637603759766
0.009999275207519531
0.006997585296630859
0.007999420166015625
0.005999326705932617
0.009000778198242188
0.008000850677490234
0.009999275207519531
0.006000995635986328
0.006000995635986328
0.005999326705932617
0.005999088287353516
0.007999897003173828
0.007000446319580078
0.009000062942504883
0.00599980354309082
0.006000041961669922
0.006000041961669922
0.008999347686767578
0.008999824523925781
0.005999326705932617
0.00599980354309082
0.0070002079010009766
0.005999088287353516
0.01000070571899414
0.004998445510864258
0.004999876022338867
0.009000062942504883
0.005000114440917969
0.007999658584594727
0.009000301361083984
0.009000778198242188
0.007999420166015625
0.006999492645263672
0.0059986114501953125
0.0060002803802490234
0.010000467300415039
0.005998373031616211
0.00799870491027832
0.006998538970947266
0.0060002803802490234
0.0069997310638427734
0.0069980621337890625
0.0060007572174072266
0.00599980354309082
0.010000944137573242
0.007001161575317383
0.00800013542175293
0.004999876022338867
0.006000041961669922
0.004998922348022461
0.004999637603759766
0.009999990463256836
0.006999492645263672
0.007999658584594727
0.005000114440917969
0.00599980354309082
0.00700068473815918
0.0059986114501953125
0.006999969482421875
0.0070002079010009766
0.00899958610534668
0.0060002803802490234
0.0060007572174072266
0.007999420166015625
0.006000518798828125
0.009000539779663086
0.0059986114501953125
0.004999876022338867
0.006000041961669922
0.0070018768310546875
0.0060007572174072266
0.006000041961669922
0.006999969482421875
0.006999492645263672
0.0060002803802490234
0.008999824523925781
0.006000518798828125
0.007000446319580078
0.006999969482421875
0.004999399185180664
0.006999969482421875
0.00599980354309082
0.006000041961669922
0.005000114440917969
0.006000041961669922
0.0050013065338134766
0.007999897003173828
0.007001399993896484
0.005999088287353516
0.006000041961669922
0.008999824523925781
0.008998394012451172
0.008999109268188477
0.007999181747436523
0.0060002803802490234
0.008998394012451172
0.009000062942504883
0.006999015808105469
0.012000799179077148
0.0060007572174072266
0.006998777389526367
0.006999492645263672
0.010000944137573242
0.006998300552368164
0.008000373840332031
0.0060002803802490234
0.008001089096069336
0.00700068473815918
0.006000041961669922
0.007999658584594727
0.006998538970947266
0.005999326705932617
0.00500035285949707
0.008999824523925781
0.00600123405456543
0.005000114440917969
0.006999969482421875
0.008998394012451172
0.00699925422668457
0.009998798370361328
0.006999969482421875
0.0059986114501953125
0.0070002079010009766
0.0070002079010009766
0.005000591278076172
0.00799870491027832
0.007999897003173828
0.005999565124511719
0.00800013542175293
0.006999015808105469
0.00699925422668457
0.0069997310638427734
0.005000114440917969
0.007999181747436523
0.008002281188964844
0.007999658584594727
0.007001638412475586
0.005999565124511719
0.007002592086791992
0.006000518798828125
0.006000041961669922
0.006000041961669922
0.005997657775878906
0.010996103286743164
0.005999326705932617
0.007001161575317383
0.006998300552368164
0.010999917984008789
0.0059986114501953125
0.0050013065338134766
0.00699925422668457
0.006998538970947266
0.005999326705932617
0.007996797561645508
0.007997274398803711
0.007998228073120117
0.00700068473815918
0.004999876022338867
0.0060007572174072266
0.0060002803802490234
0.005997657775878906
0.0070002079010009766
0.007002115249633789
0.006002187728881836
0.005999565124511719
0.006000041961669922
0.007000923156738281
0.006997108459472656
0.006999969482421875
0.0060002803802490234
0.009001493453979492
0.008001565933227539
0.007000923156738281
0.006000518798828125
0.008002758026123047
0.008001089096069336
0.0070018768310546875
0.007001399993896484
0.006998300552368164
0.009999513626098633
0.005999326705932617
0.008999347686767578
0.006001472473144531
0.008002758026123047
0.00599980354309082
0.0059986114501953125
0.007999420166015625
0.0059967041015625
0.007997751235961914
0.007998228073120117
0.006000041961669922
0.00700068473815918
0.005999565124511719
0.008000373840332031
0.008002042770385742
0.004999876022338867
0.005999565124511719
0.006999492645263672
0.006998538970947266
0.004999399185180664
0.007998943328857422
0.00700068473815918
0.007999420166015625
0.00699925422668457
0.009001731872558594
0.007002592086791992
0.008002758026123047
0.005997419357299805
0.008998632431030273
0.008000612258911133
0.007997989654541016
0.006000041961669922
0.00799870491027832
0.007000923156738281
0.007001638412475586
0.006000518798828125
0.009001493453979492
0.007002353668212891
0.008002042770385742
0.008000373840332031
0.0060024261474609375
0.0069997310638427734
0.006997823715209961
0.00800180435180664
0.009000778198242188
0.0059967041015625
0.007001638412475586
0.005998134613037109
0.0069997310638427734
0.005997657775878906
0.006000041961669922
0.006999969482421875
0.005999565124511719
0.009005308151245117
0.00900125503540039
0.008997678756713867
0.0070018768310546875
0.004999637603759766
0.00700068473815918
0.007000446319580078
0.00599980354309082
0.008995771408081055
0.008000373840332031
0.008999347686767578
0.010000228881835938
0.006000041961669922
0.008001327514648438
0.008997201919555664
0.006998300552368164
0.005999326705932617
0.006999015808105469
0.007000923156738281
0.00599980354309082
0.00599980354309082
0.006999015808105469
0.005999565124511719
0.00799870491027832
0.005998373031616211
0.00700068473815918
0.006999969482421875
0.005998849868774414
0.006000041961669922
0.007999181747436523
0.007000446319580078
0.00600123405456543
0.006000041961669922
0.008000373840332031
0.00699615478515625
0.006999969482421875
0.006000041961669922
0.00600123405456543
0.006002187728881836
0.004998207092285156
0.006001710891723633
0.008000850677490234
0.027001619338989258
0.006998538970947266
0.00599980354309082
0.0069980621337890625
0.008000612258911133
0.007002592086791992
0.00599980354309082
0.007000923156738281
0.007002592086791992
0.0060002803802490234
0.005000591278076172
0.009002208709716797
0.0060002803802490234
0.005997896194458008
0.0070002079010009766
0.005998134613037109
0.005999088287353516
0.00699925422668457
0.006001472473144531
0.006997585296630859
0.008997678756713867
0.00800013542175293
0.006000041961669922
0.006998777389526367
0.005998849868774414
0.008000373840332031
0.00599980354309082
0.00599980354309082
0.007997274398803711
0.00699925422668457
0.005999565124511719
0.005999565124511719
0.007998228073120117
0.005000114440917969
0.006000041961669922
0.00599980354309082
0.007997989654541016
0.00500035285949707
0.006002664566040039
0.007999181747436523
0.006000995635986328
0.00600123405456543
0.0060002803802490234
0.009001970291137695
0.008000612258911133
0.008004188537597656
0.0060007572174072266
0.00999903678894043
0.004998207092285156
0.006999492645263672
0.005999088287353516
0.008000373840332031
0.00600123405456543
0.00799870491027832
0.005999326705932617
0.006999492645263672
0.008002042770385742
0.0070002079010009766
0.006999015808105469
0.007999420166015625
0.0070018768310546875
0.00799870491027832
0.005999326705932617
0.009999513626098633
0.0070002079010009766
0.008999824523925781
0.004998922348022461
0.00599980354309082
0.009997844696044922
0.007999897003173828
0.009000062942504883
0.00699925422668457
0.007000923156738281
0.009000062942504883
0.005999088287353516
0.007999181747436523
0.008001565933227539
0.006000041961669922
0.005999088287353516
0.00700068473815918
0.009000539779663086
0.006999015808105469
0.005998849868774414
0.007001161575317383
0.010000228881835938
0.005999565124511719
0.007999897003173828
0.005998849868774414
0.007997989654541016
0.007999658584594727
0.00599980354309082
0.00600123405456543
0.006999492645263672
0.005998134613037109
0.007998943328857422
0.005997896194458008
0.006000518798828125
0.006000518798828125
0.0069997310638427734
0.0060002803802490234
0.009000301361083984
0.007000923156738281
0.012000560760498047
0.008998870849609375
0.007997989654541016
0.005000114440917969
0.009000301361083984
0.007999897003173828
0.00699925422668457
0.005999565124511719
0.00599980354309082
0.006000041961669922
0.006998538970947266
0.0060007572174072266
0.005000114440917969
0.007999658584594727
0.004999876022338867
0.010000944137573242
0.006997823715209961
0.00599980354309082
0.004998922348022461
0.005999088287353516
0.005998849868774414
0.00899958610534668
0.007000923156738281
0.005998134613037109
0.0060002803802490234
0.005000114440917969
0.006000041961669922
0.00599980354309082
0.008000373840332031
0.00600123405456543
0.0060002803802490234
0.00599980354309082
0.005999326705932617
0.005999565124511719
0.005999326705932617
0.006999015808105469
0.006999969482421875
0.006999969482421875
0.013000965118408203
0.00599980354309082
0.007000446319580078
0.006999969482421875
0.00800013542175293
0.007998943328857422
0.00800013542175293
0.007999897003173828
0.005997896194458008
0.007000923156738281
0.007999658584594727
0.0070002079010009766
0.0069980621337890625
0.0059986114501953125
0.008000612258911133
0.00699925422668457
0.006997108459472656
0.005999088287353516
0.006000041961669922
0.004999399185180664
0.007998943328857422
0.009000301361083984
0.009996652603149414
0.007999897003173828
0.005999088287353516
0.007998943328857422
0.007000923156738281
0.004998683929443359
0.004999876022338867
0.005999565124511719
0.005000114440917969
0.008998394012451172
0.006999492645263672
0.006000041961669922
0.006000041961669922
0.00700068473815918
0.00800013542175293
0.0060002803802490234
0.006000041961669922
0.007999897003173828
0.0070002079010009766
0.005998849868774414
0.008001327514648438
0.006000041961669922
0.005998373031616211
0.0070002079010009766
0.005999565124511719
0.006000041961669922
0.005001544952392578
0.012997627258300781
0.0049991607666015625
0.007999181747436523
0.005998134613037109
0.009998083114624023
0.006999969482421875
0.007998466491699219
0.00600123405456543
0.00599980354309082
0.005998849868774414
0.007997274398803711
0.007999897003173828
0.009002685546875
0.006000041961669922
0.007999897003173828
0.005999088287353516
0.00700068473815918
0.008001327514648438
0.008000612258911133
0.006999969482421875
0.007001399993896484
0.006998538970947266
0.005998373031616211
0.006999969482421875
0.006000041961669922
0.007999658584594727
0.005999088287353516
0.007999897003173828
0.008004188537597656
0.00800013542175293
0.007997512817382812
0.00599980354309082
0.008002042770385742
0.005999565124511719
0.0069997310638427734
0.00599980354309082
0.009980201721191406
0.007002115249633789
0.010001897811889648
0.006000041961669922
0.0059986114501953125
0.0069997310638427734
0.009000301361083984
0.006000041961669922
0.0069997310638427734
0.009999275207519531
0.009001731872558594
0.007002353668212891
0.007997751235961914
0.006997585296630859
0.005997180938720703
0.0070002079010009766
0.007998466491699219
0.0069997310638427734
0.00900125503540039
0.006000041961669922
0.006999015808105469
0.010000467300415039
0.008000612258911133
0.006000041961669922
0.005998849868774414
0.006998777389526367
0.005998373031616211
0.007001161575317383
0.005999326705932617
0.008997678756713867
0.00599980354309082
0.005999088287353516
0.005998373031616211
0.007998228073120117
0.005999326705932617
0.00700068473815918
0.0069997310638427734
0.007000446319580078
0.00800013542175293
0.007999897003173828
0.0070002079010009766
0.007002115249633789
0.008000850677490234
0.005999565124511719
0.006999015808105469
0.005999088287353516
0.00599980354309082
0.006999492645263672
0.005999326705932617
0.00999760627746582
0.006000041961669922
0.007999897003173828
0.009000062942504883
0.00599980354309082
0.007998466491699219
0.006998777389526367
0.004999876022338867
0.007999897003173828
0.006000041961669922
0.0069980621337890625
0.00700068473815918
0.009000778198242188
0.007999897003173828
0.00599980354309082
0.0070002079010009766
0.007997512817382812
0.007997989654541016
0.010999679565429688
0.009000301361083984
0.006000041961669922
0.006000041961669922
0.0049991607666015625
0.005996227264404297
0.0059986114501953125
0.0069997310638427734
0.006999969482421875
0.0070002079010009766
0.010001182556152344
0.00599980354309082
0.005999088287353516
0.005998134613037109
0.00599980354309082
0.005997896194458008
0.00800013542175293
0.008999109268188477
0.006000041961669922
0.0070002079010009766
0.009000539779663086
0.00699925422668457
0.008999109268188477
0.005999326705932617
0.00500035285949707
0.0069997310638427734
0.00899958610534668
0.005999565124511719
0.0059986114501953125
0.00599980354309082
0.00799870491027832
0.005998849868774414
0.009000539779663086
0.007997274398803711
0.005998134613037109
0.007998943328857422
0.007999181747436523
0.0069997310638427734
0.010001420974731445
0.0070002079010009766
0.004999876022338867
0.007999897003173828
0.005999326705932617
0.006000041961669922
0.007998943328857422
0.004998922348022461
0.0069997310638427734
0.009000062942504883
0.005999565124511719
0.005999565124511719
0.006000041961669922
0.005000114440917969
0.009999752044677734
0.00899958610534668
0.007000446319580078
0.005999565124511719
0.006999969482421875
0.005998849868774414
0.0060002803802490234
0.006000518798828125
0.007000446319580078
0.0060007572174072266
0.007997989654541016
0.006999015808105469
0.00900125503540039
0.006998777389526367
0.007000446319580078
0.008000373840332031
0.005000114440917969
0.007000446319580078
0.00599980354309082
0.007999897003173828
0.00600123405456543
0.007999658584594727
0.006998777389526367
0.007000446319580078
0.007001399993896484
0.009001731872558594
0.005999565124511719
0.005999565124511719
0.005998134613037109
0.006000041961669922
0.006000041961669922
0.005000114440917969
0.006997823715209961
0.008998394012451172
0.007999420166015625
0.00599980354309082
0.005999326705932617
0.008000373840332031
0.005999088287353516
0.007998943328857422
0.005999088287353516
0.00599980354309082
0.005999326705932617
0.004998922348022461
0.006000041961669922
0.006000041961669922
0.007998943328857422
0.005999088287353516
0.007998466491699219
0.0069997310638427734
0.007000446319580078
0.008999347686767578
0.005999326705932617
0.005999565124511719
0.009001016616821289
0.006002187728881836
0.006000041961669922
0.007001161575317383
0.008998394012451172
0.006000041961669922
0.005000114440917969
0.007999897003173828
0.007000923156738281
0.009000778198242188
0.006000041961669922
0.007999181747436523
0.005997657775878906
0.006000041961669922
0.006999969482421875
0.00599980354309082
0.005999088287353516
0.006999969482421875
0.008000373840332031
0.008000850677490234
0.006000518798828125
0.005999565124511719
0.006999015808105469
0.0070018768310546875
0.004999876022338867
0.005999326705932617
0.006000041961669922
0.006003856658935547
0.0059986114501953125
0.007001161575317383
0.006000518798828125
0.00599980354309082
0.004998922348022461
0.007999658584594727
0.005998849868774414
0.006000041961669922
0.007999420166015625
0.005997896194458008
0.007001638412475586
0.0069997310638427734
0.005998849868774414
0.005999326705932617
0.008001327514648438
0.004999637603759766
0.007000446319580078
0.008999109268188477
0.00800013542175293
0.00599980354309082
0.007000446319580078
0.006001710891723633
0.006999969482421875
0.00599980354309082
0.007001399993896484
0.0069997310638427734
0.0070002079010009766
0.007997512817382812
0.00799870491027832
0.005997180938720703
0.006999969482421875
0.007998466491699219
0.006995201110839844
0.006000518798828125
0.007000923156738281
0.006000518798828125
0.0049991607666015625
0.006999969482421875
0.0070002079010009766
0.006000041961669922
0.006999015808105469
0.007000446319580078
0.006002187728881836
0.004999637603759766
0.0070002079010009766
0.008000373840332031
0.005999088287353516
0.004999876022338867
0.006000518798828125
0.007998943328857422
0.004998683929443359
0.005999326705932617
0.007999658584594727
0.00599980354309082
0.012999296188354492
0.006000995635986328
0.007000446319580078
0.008001327514648438
0.006999492645263672
0.008002042770385742
0.004999876022338867
0.00799870491027832
0.005998373031616211
0.006999969482421875
0.005000591278076172
0.00599980354309082
0.006000518798828125
0.007999181747436523
0.005999088287353516
0.007999658584594727
0.006002187728881836
0.008000612258911133
0.0060002803802490234
0.007999420166015625
0.006999015808105469
0.0060007572174072266
0.009000301361083984
0.0069997310638427734
0.008001089096069336
0.00700068473815918
0.005998134613037109
0.008000373840332031
0.007000923156738281
0.007002830505371094
0.005000114440917969
0.008000373840332031
0.008000612258911133
0.0060002803802490234
0.009000301361083984
0.010999679565429688
0.00899958610534668
0.008000373840332031
0.006000041961669922
0.009000539779663086
0.00599980354309082
0.006999015808105469
0.0060002803802490234
0.011002779006958008
0.008002758026123047
0.00799870491027832
0.006000041961669922
0.007000446319580078
0.006996631622314453
0.0070002079010009766
0.00700068473815918
0.0069997310638427734
0.0069963932037353516
0.006998538970947266
0.006001710891723633
0.008997678756713867
0.008002281188964844
0.006000041961669922
0.00500178337097168
0.009999752044677734
0.005000591278076172
0.007999420166015625
0.004999637603759766
0.008997678756713867
0.004999637603759766
0.005997419357299805
0.007001161575317383
0.005997180938720703
0.005997896194458008
0.010000467300415039
0.009001970291137695
0.0319976806640625
0.03600168228149414
0.01600027084350586
0.006000995635986328
0.1490001678466797
0.14400076866149902
0.14800024032592773
0.14499974250793457
0.007000446319580078
0.00800180435180664
0.007999181747436523
0.006000995635986328
0.009003400802612305
0.006000518798828125
0.0060002803802490234
0.006000041961669922
0.008000373840332031
0.0060002803802490234
0.00599980354309082
0.005998849868774414
0.006998777389526367
0.005999565124511719
0.009000778198242188
0.007000923156738281
0.008999824523925781
0.008002996444702148
0.009999752044677734
0.0060007572174072266
0.007999420166015625
0.006000041961669922
0.0060007572174072266
0.008000373840332031
0.008999347686767578
0.005998134613037109
0.01000070571899414
0.008002519607543945
0.006000041961669922
0.005999565124511719
0.00800013542175293
0.0069997310638427734
0.006000518798828125
0.0070002079010009766
0.0060002803802490234
0.006998538970947266
0.006000041961669922
0.005998373031616211
0.006000518798828125
0.00599980354309082
0.00600123405456543
0.009001016616821289
0.007999420166015625
0.0060002803802490234
0.0070002079010009766
0.006003141403198242
0.010000228881835938
0.0069997310638427734
0.005997180938720703
0.005999565124511719
0.0059986114501953125
0.009000539779663086
0.006000041961669922
0.00500035285949707
0.007999897003173828
0.007000446319580078
0.005001068115234375
0.0060007572174072266
0.007997274398803711
0.007002353668212891
0.00700068473815918
0.007000923156738281
0.004999876022338867
0.007999897003173828
0.00700068473815918
0.006999969482421875
0.005999088287353516
0.0069980621337890625
0.006000041961669922
0.005997896194458008
0.009000062942504883
0.007999420166015625
0.00599980354309082
0.006001472473144531
0.007997512817382812
0.007001161575317383
0.0070002079010009766
0.008001327514648438
0.004998445510864258
0.00800013542175293
0.007997751235961914
0.007000446319580078
0.0070018768310546875
0.005999565124511719
0.007997512817382812
0.006998777389526367
0.0070002079010009766
0.006000041961669922
0.007000446319580078
0.009002208709716797
0.0070002079010009766
0.0060002803802490234
0.007999897003173828
0.0060002803802490234
0.0060007572174072266
0.007999658584594727
0.007999897003173828
0.0060007572174072266
0.005997896194458008
0.0070002079010009766
0.005999565124511719
0.005997896194458008
0.006000041961669922
0.006999492645263672
0.005999088287353516
0.006999969482421875
0.0060007572174072266
0.007000446319580078
0.007001399993896484
0.005999326705932617
0.008001565933227539
0.008000373840332031
0.007853984832763672
0.005997180938720703
0.006999969482421875
0.00800180435180664
0.008997678756713867
0.0059969425201416016
0.008020639419555664
0.008002042770385742
0.0060007572174072266
0.006001949310302734
0.006000995635986328
0.007999897003173828
0.008000373840332031
0.005999326705932617
0.007000446319580078
0.005999565124511719
0.005995988845825195
0.007001638412475586
0.005999565124511719
0.008002042770385742
0.0060007572174072266
0.007002115249633789
0.008001089096069336
0.005998134613037109
0.006999969482421875
0.007000446319580078
0.008000612258911133
0.006999492645263672
0.0069997310638427734
0.008000373840332031
0.005998373031616211
0.007001399993896484
0.007999658584594727
0.005998849868774414
0.007000446319580078
0.007999420166015625
0.00599980354309082
0.00599980354309082
0.006999015808105469
0.009000062942504883
0.00599980354309082
0.008000373840332031
0.005999565124511719
0.006000041961669922
0.006000041961669922
0.007999181747436523
0.005998849868774414
0.005999088287353516
0.0059986114501953125
0.006000041961669922
0.004999876022338867
0.005999088287353516
0.005997896194458008
0.007002115249633789
0.008001565933227539
0.0069997310638427734
0.00599980354309082
0.006997823715209961
0.007997989654541016
0.00700068473815918
0.006002664566040039
0.008001565933227539
0.009000539779663086
0.007000446319580078
0.0060002803802490234
0.0060002803802490234
0.0070002079010009766
0.008997678756713867
0.00599980354309082
0.0070002079010009766
0.00799870491027832
0.005999326705932617
0.0069997310638427734
0.00700068473815918
0.006999969482421875
0.006000518798828125
0.007999181747436523
0.0070002079010009766
0.006000518798828125
0.0070002079010009766
0.005997419357299805
0.009000778198242188
0.007998943328857422
0.005998134613037109
0.005998373031616211
0.005999326705932617
0.006001472473144531
0.006001472473144531
0.006999492645263672
0.009002923965454102
0.005997180938720703
0.007999897003173828
0.0060002803802490234
0.006998777389526367
0.009000539779663086
0.006000041961669922
0.0060002803802490234
0.006998777389526367
0.005998373031616211
0.006999969482421875
0.007999897003173828
0.00599980354309082
0.006998538970947266
0.0069997310638427734
0.005997657775878906
0.005999565124511719
0.005999565124511719
0.005998849868774414
0.006001710891723633
0.0060002803802490234
0.005999565124511719
0.008999824523925781
0.0060007572174072266
0.0069997310638427734
0.009002923965454102
0.0060002803802490234
0.00700068473815918
0.005999565124511719
0.005999565124511719
0.007000446319580078
0.008000373840332031
0.005999088287353516
0.0069997310638427734
0.009002923965454102
0.005995512008666992
0.008004188537597656
0.008002281188964844
0.0059969425201416016
0.007002592086791992
0.008000612258911133
0.0060002803802490234
0.00599980354309082
0.00599980354309082
0.006999969482421875
0.006999969482421875
0.00899958610534668
0.00599980354309082
0.006999969482421875
0.0070002079010009766
0.004999637603759766
0.0070002079010009766
0.005000114440917969
0.007999181747436523
0.008000850677490234
0.010000228881835938
0.00599980354309082
0.00699925422668457
0.00800180435180664
0.00599980354309082
0.0069997310638427734
0.005002260208129883
0.006000041961669922
0.0060007572174072266
0.005997419357299805
0.009002447128295898
0.005998134613037109
0.0069997310638427734
0.009000062942504883
0.005997657775878906
0.006001949310302734
0.0069997310638427734
0.009000062942504883
0.006000518798828125
0.006000995635986328
0.005997896194458008
0.006997346878051758
0.0060002803802490234
0.00599980354309082
0.00699925422668457
0.0060002803802490234
0.006999015808105469
0.007997274398803711
0.00699925422668457
0.006003141403198242
0.004999399185180664
0.006000995635986328
0.00500035285949707
0.006998538970947266
0.0060002803802490234
0.0050013065338134766
0.00899815559387207
0.005999565124511719
0.007999897003173828
0.00599980354309082
0.0060002803802490234
0.007997751235961914
0.005999326705932617
0.007001638412475586
0.00900125503540039
0.005999088287353516
0.00599980354309082
0.0059964656829833984
0.007001399993896484
0.008001565933227539
0.009001970291137695
0.009000062942504883
0.009002447128295898
0.006000041961669922
0.0069997310638427734
0.00899958610534668
0.005999326705932617
0.006999969482421875
0.007001638412475586
0.00599980354309082
0.007002115249633789
0.006999969482421875
0.008000373840332031
0.00500035285949707
0.005998373031616211
0.0069997310638427734
0.008999824523925781
0.00599980354309082
0.0059969425201416016
0.008000373840332031
0.00600123405456543
0.005999326705932617
0.006999969482421875
0.009999513626098633
0.006999492645263672
0.005998849868774414
0.006002902984619141
0.0069997310638427734
0.007999897003173828
0.006000518798828125
0.005998134613037109
0.006999969482421875
0.008999824523925781
0.00599980354309082
0.005997657775878906
0.0070002079010009766
0.009000301361083984
0.005998373031616211
0.00599980354309082
0.0060002803802490234
0.005997657775878906
0.007999897003173828
0.005999088287353516
0.007997751235961914
0.0059967041015625
0.005999088287353516
0.005001544952392578
0.0059986114501953125
0.0060007572174072266
0.006000041961669922
0.005997419357299805
0.006002187728881836
0.005999565124511719
0.0070018768310546875
0.008000373840332031
0.006998777389526367
0.00600123405456543
0.006000041961669922
0.006001949310302734
0.00800013542175293
0.005999088287353516
0.008998870849609375
0.006998538970947266
0.005998373031616211
0.0060024261474609375
0.008002758026123047
0.00500035285949707
0.005998849868774414
0.006000041961669922
0.005999565124511719
0.00600123405456543
0.007003068923950195
0.006001710891723633
0.007002592086791992
0.005999565124511719
0.006001710891723633
0.005998849868774414
0.006997823715209961
0.006998538970947266
0.006999015808105469
0.00500035285949707
0.006997108459472656
0.007000446319580078
0.0060007572174072266
0.007001161575317383
0.00899958610534668
0.00600123405456543
0.0049991607666015625
0.006000041961669922
0.00599980354309082
0.007998466491699219
0.009001016616821289
0.005998849868774414
0.0060002803802490234
0.007997751235961914
0.007001399993896484
0.0060002803802490234
0.006000041961669922
0.006997346878051758
0.01000070571899414
0.00899958610534668
0.0069997310638427734
0.009001493453979492
0.005999565124511719
0.008999824523925781
0.00699925422668457
0.008999824523925781
0.0060007572174072266
0.00599980354309082
0.0060002803802490234
0.006999492645263672
0.007003068923950195
0.004998207092285156
0.0069963932037353516
0.007001638412475586
0.004999876022338867
0.008999824523925781
0.00500035285949707
0.006000518798828125
0.010000467300415039
0.01000070571899414
0.006000518798828125
0.007999658584594727
0.006999969482421875
0.008000850677490234
0.007999897003173828
0.007001399993896484
0.010000944137573242
0.004999637603759766
0.01600027084350586
0.011000633239746094
0.0209963321685791
0.021001338958740234
0.012999534606933594
0.01299905776977539
0.01900005340576172
0.0069997310638427734
0.005000114440917969
0.0059986114501953125
0.0050008296966552734
0.0070002079010009766
0.006000041961669922
0.003997087478637695
0.00699925422668457
0.007001638412475586
0.004999399185180664
0.006997823715209961
0.003999948501586914
0.0059986114501953125
0.0060024261474609375
0.004999399185180664
0.006001472473144531
0.004999876022338867
0.006999969482421875
0.0049991607666015625
0.004999876022338867
0.007999420166015625
0.004999637603759766
0.0049991607666015625
0.0060024261474609375
0.005000114440917969
0.006000995635986328
0.007002830505371094
0.006998300552368164
0.00800013542175293
0.010002851486206055
0.00599980354309082
0.005998373031616211
0.010000228881835938
0.006000518798828125
0.0069980621337890625
0.0059986114501953125
0.004999876022338867
0.004999399185180664
0.006001472473144531
0.005001544952392578
0.006001472473144531
0.0050008296966552734
0.004996776580810547
0.00600123405456543
0.009999990463256836
0.006998538970947266
0.007999420166015625
0.009000778198242188
0.00599980354309082
0.010997533798217773
0.006999969482421875
0.007000446319580078
0.007003307342529297
0.0049974918365478516
0.007001161575317383
0.005997657775878906
0.004999876022338867
0.004999876022338867
0.006000041961669922
0.004998922348022461
0.0039980411529541016
0.005000591278076172
0.006998777389526367
0.0050013065338134766
0.004998922348022461
0.007002115249633789
0.0049991607666015625
0.00599980354309082
0.0049991607666015625
0.008001089096069336
0.005002498626708984
0.004999399185180664
0.005999088287353516
0.006001949310302734
0.00799870491027832
0.005000591278076172
0.004999876022338867
0.008000612258911133
0.004999637603759766
0.003999471664428711
0.0050008296966552734
0.005999326705932617
0.005001544952392578
0.005998373031616211
0.006996870040893555
0.005000591278076172
0.006000518798828125
0.006000041961669922
0.004998683929443359
0.005001544952392578
0.006000041961669922
0.006002902984619141
0.0070002079010009766
0.0050013065338134766
0.0060002803802490234
0.004997730255126953
0.006000995635986328
0.00900125503540039
0.004999876022338867
0.00599980354309082
0.004999876022338867
0.004999637603759766
0.00599980354309082
0.00500035285949707
0.005999565124511719
0.00500035285949707
0.005998849868774414
0.005001544952392578
0.0069980621337890625
0.004999399185180664
0.004999876022338867
0.004999399185180664
0.004999876022338867
0.004998683929443359
0.008002519607543945
0.0049970149993896484
0.006000041961669922
0.004999876022338867
0.006999015808105469
0.004999876022338867
0.006000518798828125
0.004999876022338867
0.006001949310302734
0.0049991607666015625
0.006000041961669922
0.009002208709716797
0.005000114440917969
0.00599980354309082
0.00500035285949707
0.004997968673706055
0.0069980621337890625
0.005000591278076172
0.005000114440917969
0.003999233245849609
0.00700068473815918
0.004998683929443359
0.004999637603759766
0.006000041961669922
0.004999876022338867
0.006000041961669922
0.00599980354309082
0.004999876022338867
0.0049991607666015625
0.005000591278076172
0.008000612258911133
0.004998207092285156
0.003999948501586914
0.004998922348022461
0.0059986114501953125
0.004999399185180664
0.005002498626708984
0.003999471664428711
0.005998373031616211
0.0039997100830078125
0.004997730255126953
0.0060002803802490234
0.005999565124511719
0.004999637603759766
0.004000186920166016
0.004998683929443359
0.007002353668212891
0.004998922348022461
0.00599980354309082
0.004999876022338867
0.006002187728881836
0.005000114440917969
0.006000041961669922
0.004996538162231445
0.004999876022338867
0.006001949310302734
0.004997968673706055
0.00800013542175293
0.0050013065338134766
0.005002021789550781
0.007000923156738281
0.004999876022338867
0.00800013542175293
0.0039980411529541016
0.006000518798828125
0.005001068115234375
0.006000041961669922
0.005000114440917969
0.005999088287353516
0.006999969482421875
0.004998445510864258
0.00500035285949707
0.004998922348022461
0.005998134613037109
0.004999876022338867
0.006000041961669922
0.0049991607666015625
0.006000041961669922
0.005001068115234375
0.007999897003173828
0.004999637603759766
0.005001544952392578
0.007001161575317383
0.005000591278076172
0.004999637603759766
0.004999637603759766
0.00599980354309082
0.006999969482421875
0.004999876022338867
0.004999637603759766
0.005000114440917969
0.008001327514648438
0.004001140594482422
0.006001949310302734
0.00500035285949707
0.004000186920166016
0.004998445510864258
0.006999015808105469
0.0049970149993896484
0.004999637603759766
0.004999637603759766
0.007001399993896484
0.004999399185180664
0.005000114440917969
0.004999399185180664
0.0050008296966552734
0.00599980354309082
0.005998373031616211
0.005001544952392578
0.003999471664428711
0.0060007572174072266
0.0059986114501953125
0.006000041961669922
0.004000425338745117
0.005001544952392578
0.0060002803802490234
0.006997108459472656
0.0050013065338134766
0.004999876022338867
0.005002021789550781
0.006001710891723633
0.004999637603759766
0.006002664566040039
0.006000041961669922
0.00700068473815918
0.00500035285949707
0.004997730255126953
0.005000114440917969
0.004998445510864258
0.006002902984619141
0.004999876022338867
0.00600123405456543
0.00699925422668457
0.004998207092285156
0.006000041961669922
0.004998922348022461
0.005000114440917969
0.0070002079010009766
0.004996776580810547
0.006000995635986328
0.00599980354309082
0.00500035285949707
0.006000995635986328
0.007996559143066406
0.006000518798828125
0.004999876022338867
0.004997968673706055
0.006000995635986328
0.005000114440917969
0.0070035457611083984
0.00899958610534668
0.0050008296966552734
0.0039997100830078125
0.0060002803802490234
0.0049991607666015625
0.005997657775878906
0.004999876022338867
0.004999876022338867
0.005001544952392578
0.004998922348022461
0.006997108459472656
0.0049991607666015625
0.004999637603759766
0.005000591278076172
0.005000591278076172
0.004999876022338867
0.005000114440917969
0.006000041961669922
0.004998445510864258
0.0069997310638427734
0.004998922348022461
0.004000186920166016
0.003999948501586914
0.0050008296966552734
0.004999876022338867
0.004999637603759766
0.017001867294311523
0.007001638412475586
0.0050013065338134766
0.00500035285949707
0.005000114440917969
0.00700068473815918
0.005001068115234375
0.00500035285949707
0.006000995635986328
0.005997419357299805
0.004998207092285156
0.006002187728881836
0.0050029754638671875
0.007001161575317383
0.007996559143066406
0.005997657775878906
0.005000114440917969
0.0060002803802490234
0.004998207092285156
0.006000995635986328
0.005999565124511719
0.00600123405456543
0.003999233245849609
0.003999471664428711
0.00599980354309082
0.005000114440917969
0.00599980354309082
0.004998445510864258
0.005002021789550781
0.006999969482421875
0.0060007572174072266
0.004998445510864258
0.0060002803802490234
0.005999326705932617
0.005000114440917969
0.005997896194458008
0.0050008296966552734
0.004998445510864258
0.004999637603759766
0.007002115249633789
0.006999492645263672
0.00400090217590332
0.005998849868774414
0.003998279571533203
0.006998538970947266
0.0060002803802490234
0.004996776580810547
0.004999876022338867
0.006000041961669922
0.00599980354309082
0.005000114440917969
0.004998445510864258
0.0049970149993896484
0.004000186920166016
0.005998849868774414
0.006002187728881836
0.00599980354309082
0.004999876022338867
0.003998756408691406
0.003998994827270508
0.005000114440917969
0.005000591278076172
0.0060002803802490234
0.006997585296630859
0.0039975643157958984
0.00599980354309082
0.005998849868774414
0.0049991607666015625
0.005000114440917969
0.004998445510864258
0.004000186920166016
0.004001617431640625
0.00599980354309082
0.005002260208129883
0.005001068115234375
0.00500035285949707
0.004999637603759766
0.005002021789550781
0.005002260208129883
0.0060002803802490234
0.004999876022338867
0.006998777389526367
0.0060007572174072266
0.005000591278076172
0.006999015808105469
0.006000518798828125
0.004999876022338867
0.005000114440917969
0.00700068473815918
0.004998922348022461
0.04700112342834473
0.03599858283996582
0.0299985408782959
0.011999368667602539
0.0060007572174072266
0.004999399185180664
0.007002353668212891
0.006975650787353516
0.005000591278076172
0.006001472473144531
0.008000850677490234
0.00500035285949707
0.006998777389526367
0.005002498626708984
0.004999399185180664
0.005000114440917969
0.005001544952392578
0.006001710891723633
0.004999399185180664
0.003999948501586914
0.006002187728881836
0.004999637603759766
0.00793600082397461
0.005000591278076172
0.004998207092285156
0.0069997310638427734
0.00700068473815918
0.003999948501586914
0.007998228073120117
0.00500035285949707
0.0070002079010009766
0.006001949310302734
0.004999876022338867
0.008999824523925781
0.004998445510864258
0.004998445510864258
0.005002498626708984
0.004999637603759766
0.006999969482421875
0.005000591278076172
0.006001710891723633
0.004999876022338867
0.004999637603759766
0.004000425338745117
0.006998777389526367
0.005998849868774414
0.003999948501586914
0.00799870491027832
0.005000114440917969
0.004998922348022461
0.005000591278076172
0.006998300552368164
0.0050008296966552734
0.007999420166015625
0.007001399993896484
0.005002260208129883
0.007999658584594727
0.004997730255126953
0.006001949310302734
0.009000062942504883
0.005999565124511719
0.005001068115234375
0.008000373840332031
0.003997325897216797
0.0049991607666015625
0.004998683929443359
0.006999015808105469
0.006000995635986328
0.00400090217590332
0.00500035285949707
0.007000446319580078
0.005004167556762695
0.004998683929443359
0.006000041961669922
0.004999876022338867
0.0069980621337890625
0.0050008296966552734
0.0039997100830078125
0.007999420166015625
0.003999948501586914
0.006000041961669922
0.00500035285949707
0.005999565124511719
0.005000114440917969
0.004000425338745117
0.003999233245849609
0.006999492645263672
0.004001617431640625
0.0069963932037353516
0.003998279571533203
0.004998922348022461
0.006001949310302734
0.004000186920166016
0.0069997310638427734
0.005000114440917969
0.006000041961669922
0.00899958610534668
0.004998922348022461
0.006000518798828125
0.004999876022338867
0.006999969482421875
0.004999399185180664
0.00500178337097168
0.004999876022338867
0.007001638412475586
0.005002021789550781
0.0060002803802490234
0.00700068473815918
0.006000518798828125
0.003999948501586914
0.006001949310302734
0.004998207092285156
0.005999326705932617
0.00500035285949707
0.005997896194458008
0.007999897003173828
0.005000591278076172
0.004999399185180664
0.005000591278076172
0.005998134613037109
0.00400090217590332
0.004998445510864258
0.004999399185180664
0.005001068115234375
0.004998207092285156
0.004998207092285156
0.0049991607666015625
0.004999637603759766
0.0039997100830078125
0.004997968673706055
0.00499725341796875
0.006000041961669922
0.003999948501586914
0.008999824523925781
0.007000446319580078
0.005000114440917969
0.0060002803802490234
0.0049991607666015625
0.00500035285949707
0.0049991607666015625
0.005999565124511719
0.0059986114501953125
0.011998414993286133
0.012999773025512695
0.009000062942504883
0.009000778198242188
0.005997180938720703
0.008998394012451172
0.007997989654541016
0.006000518798828125
0.005997657775878906
0.009000301361083984
0.008002519607543945
0.0060002803802490234
0.01000070571899414
0.0069980621337890625
0.007999897003173828
0.005998373031616211
0.005997657775878906
0.005998134613037109
0.007000446319580078
0.008002042770385742
0.005999565124511719
0.005997419357299805
0.009998798370361328
0.0060002803802490234
0.0060002803802490234
0.006998777389526367
0.005998849868774414
0.00699925422668457
0.00900125503540039
0.006996870040893555
0.009000062942504883
0.005999326705932617
0.0059986114501953125
0.0059986114501953125
0.005999326705932617
0.006999969482421875
0.007002353668212891
0.004997968673706055
0.0049991607666015625
0.008999347686767578
0.006000041961669922
0.011023759841918945
0.008999347686767578
0.006001472473144531
0.008000373840332031
0.006997346878051758
0.0070002079010009766
0.006000041961669922
0.005997896194458008
0.007998466491699219
0.006997108459472656
0.008029460906982422
0.0060024261474609375
0.008000612258911133
0.006997823715209961
0.009002208709716797
0.006001710891723633
0.009001016616821289
0.006000518798828125
0.009000301361083984
0.007001161575317383
0.005998373031616211
0.0059986114501953125
0.0060002803802490234
0.006000041961669922
0.007000923156738281
0.009000539779663086
0.0070002079010009766
0.009999990463256836
0.004998207092285156
0.007999181747436523
0.0059986114501953125
0.006001472473144531
0.005999088287353516
0.006999015808105469
0.007001638412475586
0.004999637603759766
0.006000041961669922
0.006000041961669922
0.005999088287353516
0.008997678756713867
0.0070002079010009766
0.017001628875732422
0.006001472473144531
0.0060002803802490234
0.008001327514648438
0.006001710891723633
0.007999897003173828
0.0070002079010009766
0.0059986114501953125
0.0070002079010009766
0.011000871658325195
0.005000114440917969
0.0059986114501953125
0.00700068473815918
0.005998134613037109
0.0060002803802490234
0.00599980354309082
0.00699925422668457
0.010000228881835938
0.005999565124511719
0.0069997310638427734
0.008000612258911133
0.006000041961669922
0.005997657775878906
0.007999420166015625
0.006001949310302734
0.02000260353088379
0.008998394012451172
0.005000114440917969
0.00599980354309082
0.008997440338134766
0.007997751235961914
0.02099919319152832
0.005998373031616211
0.006000041961669922
0.004999399185180664
0.00599980354309082
0.00700068473815918
0.006999015808105469
0.007000923156738281
0.02399897575378418
0.005999088287353516
0.005999326705932617
0.005000114440917969
0.005999326705932617
0.009000301361083984
0.006999969482421875
0.008999347686767578
0.0070002079010009766
0.006000041961669922
0.006999969482421875
0.006000041961669922
0.00700068473815918
0.00599980354309082
0.0059986114501953125
0.009999275207519531
0.006000041961669922
0.005999088287353516
0.009000778198242188
0.0070002079010009766
0.0069997310638427734
0.007001399993896484
0.0059986114501953125
0.0050008296966552734
0.006000995635986328
0.006999492645263672
0.009001731872558594
0.006997346878051758
0.0060007572174072266
0.006000041961669922
0.008000612258911133
0.00599980354309082
0.00599980354309082
0.006999015808105469
0.0060002803802490234
0.008000373840332031
0.009998559951782227
0.007001399993896484
0.027002334594726562
0.005998849868774414
0.005999088287353516
0.00700068473815918
0.006000995635986328
0.006001949310302734
0.005998849868774414
0.006999969482421875
0.017003297805786133
0.008000612258911133
0.0060007572174072266
0.006000041961669922
0.00700068473815918
0.00599980354309082
0.023001909255981445
0.00899958610534668
0.006000041961669922
0.005999088287353516
0.00800013542175293
0.00599980354309082
0.006000518798828125
0.0069997310638427734
0.007999420166015625
0.006999015808105469
0.008999347686767578
0.006000995635986328
0.004999637603759766
0.0069997310638427734
0.004998922348022461
0.00599980354309082
0.007001399993896484
0.00800180435180664
0.006999969482421875
0.006000041961669922
0.0060002803802490234
0.0069997310638427734
0.005998134613037109
0.0070002079010009766
0.006000518798828125
0.006999015808105469
0.0060007572174072266
0.00800013542175293
0.007000446319580078
0.013000011444091797
0.009000778198242188
0.0059986114501953125
0.006000041961669922
0.006999969482421875
0.006999015808105469
0.009000301361083984
0.006999969482421875
0.020000696182250977
0.0069959163665771484
0.0060002803802490234
0.004996776580810547
0.006998777389526367
0.004999876022338867
0.008000612258911133
0.007999897003173828
0.009999990463256836
0.006000041961669922
0.01800060272216797
0.0070002079010009766
0.006000041961669922
0.0060002803802490234
0.006000041961669922
0.006002187728881836
0.00699925422668457
0.006000041961669922
0.016001224517822266
0.008998632431030273
0.0060002803802490234
0.008000612258911133
0.0060002803802490234
0.005001544952392578
0.00900125503540039
0.0060002803802490234
0.02299976348876953
0.005999088287353516
0.007001161575317383
0.006999492645263672
0.005000114440917969
0.005999565124511719
0.0070002079010009766
0.0060002803802490234
0.007998466491699219
0.006001949310302734
0.007999420166015625
0.006998538970947266
0.005998849868774414
0.006000041961669922
0.006999492645263672
0.00500035285949707
0.01000213623046875
0.006000041961669922
0.005998849868774414
0.006000041961669922
0.00700068473815918
0.010998725891113281
0.0060002803802490234
0.004999399185180664
0.0060007572174072266
0.008000612258911133
0.008998632431030273
0.006000995635986328
0.006001472473144531
0.008998870849609375
0.0069980621337890625
0.005998373031616211
0.006999969482421875
0.004999876022338867
0.00800013542175293
0.0069997310638427734
0.0060002803802490234
0.00599980354309082
0.008002281188964844
0.00700068473815918
0.005999565124511719
0.00599980354309082
0.006000041961669922
0.007999420166015625
0.008000373840332031
0.0060002803802490234
0.006998538970947266
0.00700068473815918
0.00700068473815918
0.006998777389526367
0.006000041961669922
0.0060002803802490234
0.0070002079010009766
0.0070002079010009766
0.0060002803802490234
0.0060002803802490234
0.005999088287353516
0.025001049041748047
0.007999181747436523
0.00599980354309082
0.00599980354309082
0.005999088287353516
0.007000923156738281
0.0069997310638427734
0.005999326705932617
0.0069997310638427734
0.0059986114501953125
0.009999513626098633
0.006000041961669922
0.006999015808105469
0.005998849868774414
0.009999752044677734
0.007001161575317383
0.0260007381439209
0.005998373031616211
0.006000518798828125
0.0070002079010009766
0.0070002079010009766
0.006000518798828125
0.007001399993896484
0.008000850677490234
0.006000041961669922
0.007999420166015625
0.008998394012451172
0.0060002803802490234
0.006999969482421875
0.0070002079010009766
0.007999658584594727
0.00799870491027832
0.02500009536743164
0.006999969482421875
0.00500035285949707
0.004999876022338867
0.005000114440917969
0.0059986114501953125
0.008000373840332031
0.00899958610534668
0.007999181747436523
0.008999347686767578
0.0070002079010009766
0.021000146865844727
0.0060007572174072266
0.0070002079010009766
0.007999897003173828
0.0070002079010009766
0.00599980354309082
0.005999088287353516
0.0059986114501953125
0.006000518798828125
0.007999658584594727
0.009999990463256836
0.00799870491027832
0.004998207092285156
0.005999326705932617
0.008000612258911133
0.008998870849609375
0.0060002803802490234
0.008000373840332031
0.006997823715209961
0.006999492645263672
0.00799870491027832
0.007001399993896484
0.005997896194458008
0.009000778198242188
0.0060002803802490234
0.006000518798828125
0.0060007572174072266
0.006000995635986328
0.005999565124511719
0.007999181747436523
0.005998849868774414
0.00600123405456543
0.0069997310638427734
0.00700068473815918
0.006001472473144531
0.015002012252807617
0.006000041961669922
0.008002281188964844
0.006999492645263672
0.007000446319580078
0.00900125503540039
0.006998777389526367
0.00599980354309082
0.007000446319580078
0.02499866485595703
0.006998300552368164
0.005998849868774414
0.0070002079010009766
0.006000041961669922
0.007999897003173828
0.0060007572174072266
0.006999492645263672
0.022002458572387695
0.00799870491027832
0.005999565124511719
0.006000041961669922
0.009999752044677734
0.005000114440917969
0.005999565124511719
0.0069997310638427734
0.00899815559387207
0.018001317977905273
0.00500035285949707
0.0060002803802490234
0.005998134613037109
0.006999969482421875
0.005998849868774414
0.00700068473815918
0.006000041961669922
0.024000167846679688
0.005998373031616211
0.00700068473815918
0.009000301361083984
0.005999565124511719
0.0059986114501953125
0.0060002803802490234
0.006001472473144531
0.007998943328857422
0.006999492645263672
0.020003318786621094
0.00699925422668457
0.007000446319580078
0.007999181747436523
0.006002187728881836
0.006000041961669922
0.006000995635986328
0.00899958610534668
0.00599980354309082
0.0060002803802490234
0.007999658584594727
0.007998466491699219
0.006998300552368164
0.0060002803802490234
0.007999181747436523
0.0069997310638427734
0.0069997310638427734
0.005999565124511719
0.006000518798828125
0.025002241134643555
0.006996870040893555
0.00600123405456543
0.008998632431030273
0.005999565124511719
0.0060002803802490234
0.0069980621337890625
0.00599980354309082
0.017001867294311523
0.006999492645263672
0.005997657775878906
0.008000612258911133
0.006999969482421875
0.004998922348022461
0.0059986114501953125
0.007000446319580078
0.00800013542175293
0.0060007572174072266
0.0069997310638427734
0.007002592086791992
0.006998777389526367
0.008998870849609375
0.0050013065338134766
0.007001638412475586
0.008999347686767578
0.0069997310638427734
0.0070002079010009766
0.005000591278076172
0.0060002803802490234
0.006998777389526367
0.006000041961669922
0.007000923156738281
0.0060007572174072266
0.007999897003173828
0.006999969482421875
0.00599980354309082
0.007998466491699219
0.006998300552368164
0.005999326705932617
0.006999969482421875
0.006999015808105469
0.007001638412475586
0.008000850677490234
0.007001161575317383
0.005999088287353516
0.010998010635375977
0.009999275207519531
0.00899815559387207
0.00599980354309082
0.0069997310638427734
0.006999969482421875
0.0070002079010009766
0.005999326705932617
0.007000446319580078
0.007998943328857422
0.008000850677490234
0.0059969425201416016
0.006000518798828125
0.004999637603759766
0.008000612258911133
0.00699925422668457
0.00599980354309082
0.00500035285949707
0.006998777389526367
0.021998882293701172
0.005999326705932617
0.007001399993896484
0.005999565124511719
0.00700068473815918
0.007998466491699219
0.007998228073120117
0.005999088287353516
0.00899958610534668
0.006999015808105469
0.006999015808105469
0.008999347686767578
0.007001638412475586
0.0060007572174072266
0.006000041961669922
0.009999275207519531
0.006998538970947266
0.00699925422668457
0.009000301361083984
0.00599980354309082
0.005999326705932617
0.0070002079010009766
0.007000446319580078
0.006999015808105469
0.0060007572174072266
0.0060002803802490234
0.007998943328857422
0.008999347686767578
0.0059986114501953125
0.00699925422668457
0.006998538970947266
0.006000518798828125
0.006000041961669922
0.0060002803802490234
0.019001245498657227
0.006998538970947266
0.006000041961669922
0.005999088287353516
0.006001949310302734
0.007000446319580078
0.007998943328857422
0.006000041961669922
0.007001638412475586
0.0060002803802490234
0.018001317977905273
0.006000041961669922
0.007000923156738281
0.0070018768310546875
0.0059986114501953125
0.007001399993896484
0.007001161575317383
0.006998300552368164
0.024999618530273438
0.005999088287353516
0.006000041961669922
0.00799870491027832
0.008001327514648438
0.00599980354309082
0.00600123405456543
0.005999326705932617
0.009000301361083984
0.00599980354309082
0.005997419357299805
0.03200268745422363
0.00699925422668457
0.0060002803802490234
0.004999876022338867
0.007999658584594727
0.013999700546264648
0.005999565124511719
0.0069997310638427734
0.006001949310302734
0.0069997310638427734
0.00800013542175293
0.00599980354309082
0.00699925422668457
0.007999658584594727
0.007001161575317383
0.005997657775878906
0.027999401092529297
0.00699925422668457
0.0059969425201416016
0.00800013542175293
0.009001016616821289
0.006001710891723633
0.005999088287353516
0.020000457763671875
0.005998134613037109
0.007999658584594727
0.0059964656829833984
0.00599980354309082
0.008999109268188477
0.007999658584594727
0.007000446319580078
0.007000923156738281
0.009000062942504883
0.009000301361083984
0.00699925422668457
0.008000850677490234
0.006000041961669922
0.006999492645263672
0.008000612258911133
0.005999326705932617
0.005997896194458008
0.005998849868774414
0.006000518798828125
0.005997896194458008
0.005997657775878906
0.0069997310638427734
0.007000923156738281
0.0069997310638427734
0.0060002803802490234
0.0050013065338134766
0.0060007572174072266
0.005000114440917969
0.019001483917236328
0.005999565124511719
0.0070002079010009766
0.00600123405456543
0.0069997310638427734
0.005999088287353516
0.00800013542175293
0.005001068115234375
0.006999492645263672
0.012998104095458984
0.0069997310638427734
0.006000041961669922
0.005001544952392578
0.005999326705932617
0.0069980621337890625
0.010001182556152344
0.008000850677490234
0.010001182556152344
0.012000083923339844
0.00600123405456543
0.006000518798828125
0.008000373840332031
0.008001089096069336
0.011000633239746094
0.007999181747436523
0.00599980354309082
0.0070002079010009766
0.013000249862670898
0.0070002079010009766
0.005999565124511719
0.0069997310638427734
0.006000041961669922
0.00699925422668457
0.006002187728881836
0.0069997310638427734
0.0060002803802490234
0.007000446319580078
0.005999088287353516
0.00500178337097168
0.006000518798828125
0.006999015808105469
0.00700068473815918
0.006001472473144531
0.0060007572174072266
0.005999326705932617
0.007000923156738281
0.00800013542175293
0.009001016616821289
0.0060007572174072266
0.0060007572174072266
0.010000467300415039
0.005999088287353516
0.005999326705932617
0.006000518798828125
0.007998466491699219
0.007001638412475586
0.006997108459472656
0.005999565124511719
0.006999492645263672
0.005998849868774414
0.006002187728881836
0.006000995635986328
0.009000778198242188
0.006001472473144531
0.006000041961669922
0.00600123405456543
0.007002592086791992
0.00700068473815918
0.006999015808105469
0.00599980354309082
0.0069997310638427734
0.005998849868774414
0.006000518798828125
0.007999181747436523
0.02000141143798828
0.007999897003173828
0.027997970581054688
0.01799917221069336
0.021999835968017578
0.024000167846679688
0.006000995635986328
0.008002042770385742
0.005999326705932617
0.0069997310638427734
0.007001638412475586
0.009000062942504883
0.007997989654541016
0.004999637603759766
0.0060007572174072266
0.006999015808105469
0.005999326705932617
0.010000228881835938
0.006001710891723633
0.005999326705932617
0.007999420166015625
0.0069997310638427734
0.005999326705932617
0.00699925422668457
0.008000373840332031
0.005999326705932617
0.005999088287353516
0.00699925422668457
0.00800013542175293
0.00599980354309082
0.012000322341918945
0.006999492645263672
0.008999824523925781
0.005997896194458008
0.008997917175292969
0.009002208709716797
0.005999326705932617
0.005994558334350586
0.007001638412475586
0.010001897811889648
0.0060024261474609375
0.0060002803802490234
0.007997989654541016
0.0069997310638427734
0.008001327514648438
0.006001710891723633
0.006000041961669922
0.0050013065338134766
0.006001472473144531
0.007999420166015625
0.011000871658325195
0.008999824523925781
0.007000923156738281
0.004999399185180664
0.0070002079010009766
0.006997585296630859
0.005997657775878906
0.0070018768310546875
0.006001710891723633
0.007002115249633789
0.006001949310302734
0.007000446319580078
0.0060024261474609375
0.005997419357299805
0.007000923156738281
0.00599980354309082
0.008001089096069336
0.006997346878051758
0.0060002803802490234
0.007999420166015625
0.0060007572174072266
0.00500035285949707
0.0059986114501953125
0.007000446319580078
0.0059969425201416016
0.008000373840332031
0.009000301361083984
0.005998134613037109
0.005998849868774414
0.006999969482421875
0.00599980354309082
0.00599980354309082
0.006000041961669922
0.005998373031616211
0.007002115249633789
0.007999420166015625
0.009001731872558594
0.005999565124511719
0.006000041961669922
0.0070002079010009766
0.006000995635986328
0.005998849868774414
0.007999181747436523
0.007998228073120117
0.007001399993896484
0.009001731872558594
0.006000518798828125
0.006999969482421875
0.00800013542175293
0.004998922348022461
0.006998777389526367
0.009002923965454102
0.005000114440917969
0.006000041961669922
0.0070002079010009766
0.006999492645263672
0.005998849868774414
0.007001638412475586
0.007002353668212891
0.007000923156738281
0.00599980354309082
0.005998849868774414
0.0060024261474609375
0.006999969482421875
0.006998538970947266
0.009000301361083984
0.005999088287353516
0.006000041961669922
0.007997751235961914
0.007000446319580078
0.0070018768310546875
0.006003618240356445
0.0070002079010009766
0.005998373031616211
0.006001472473144531
0.006000518798828125
0.006000518798828125
0.004999637603759766
0.008997201919555664
0.005998849868774414
0.00699925422668457
0.007000446319580078
0.00599980354309082
0.005997657775878906
0.00800180435180664
0.007999420166015625
0.00599980354309082
0.005999088287353516
0.008001089096069336
0.006999492645263672
0.004999637603759766
0.006000041961669922
0.007995843887329102
0.006998538970947266
0.007002353668212891
0.0060007572174072266
0.004999637603759766
0.006999969482421875
0.0049991607666015625
0.009997844696044922
0.004998683929443359
0.0069997310638427734
0.0069997310638427734
0.005998373031616211
0.006999492645263672
0.007999897003173828
0.00599980354309082
0.004999637603759766
0.007999420166015625
0.007997512817382812
0.007000446319580078
0.005999565124511719
0.005999565124511719
0.00800013542175293
0.0060007572174072266
0.00700068473815918
0.009002685546875
0.005998134613037109
0.005999565124511719
0.009000062942504883
0.005999326705932617
0.006998300552368164
0.0069997310638427734
0.009000778198242188
0.007001638412475586
0.007001161575317383
0.005999565124511719
0.006000995635986328
0.008001327514648438
0.0070002079010009766
0.004999637603759766
0.005998849868774414
0.008998870849609375
0.0060002803802490234
0.007001399993896484
0.004999876022338867
0.006000041961669922
0.00599980354309082
0.006998300552368164
0.00700068473815918
0.005001544952392578
0.008002996444702148
0.00600123405456543
0.007000446319580078
0.007999897003173828
0.006000041961669922
0.007997274398803711
0.008000612258911133
0.0059986114501953125
0.005999565124511719
0.008002758026123047
0.005998373031616211
0.0070002079010009766
0.006000041961669922
0.005997657775878906
0.007001638412475586
0.008001327514648438
0.006000041961669922
0.007001399993896484
0.009000301361083984
0.006000995635986328
0.00500035285949707
0.00599980354309082
0.005998134613037109
0.007999897003173828
0.008002042770385742
0.005999565124511719
0.006997585296630859
0.01803421974182129
0.006000041961669922
0.006000041961669922
0.007998943328857422
0.006999969482421875
0.005997896194458008
0.00800013542175293
0.00800013542175293
0.0060002803802490234
0.005998134613037109
0.007998943328857422
0.007001161575317383
0.005002737045288086
0.016000032424926758
0.008033514022827148
0.0059986114501953125
0.007001161575317383
0.004999876022338867
0.005999088287353516
0.006998777389526367
0.007002115249633789
0.005998849868774414
0.009998559951782227
0.0070002079010009766
0.006000041961669922
0.007999420166015625
0.004999637603759766
0.00800013542175293
0.006000041961669922
0.00800180435180664
0.006999015808105469
0.010999202728271484
0.00699925422668457
0.007000446319580078
0.005999565124511719
0.006000041961669922
0.0069997310638427734
0.007999181747436523
0.0069980621337890625
0.009001731872558594
0.020002126693725586
0.0069980621337890625
0.0069997310638427734
0.005000114440917969
0.004999876022338867
0.007999181747436523
0.00599980354309082
0.005998849868774414
0.0280001163482666
0.0059964656829833984
0.004996776580810547
0.0060007572174072266
0.0049991607666015625
0.006000041961669922
0.007000446319580078
0.00699925422668457
0.0069997310638427734
0.0070002079010009766
0.009001016616821289
0.005999326705932617
0.011999845504760742
0.006999015808105469
0.005999565124511719
0.00800013542175293
0.00700068473815918
0.01000070571899414
0.006995677947998047
0.007001161575317383
0.005998373031616211
0.0070002079010009766
0.005999565124511719
0.007000446319580078
0.0069997310638427734
0.00599980354309082
0.00600123405456543
0.018997907638549805
0.00700068473815918
0.006999492645263672
0.007997751235961914
0.0070018768310546875
0.0060007572174072266
0.00700068473815918
0.005999565124511719
0.00599980354309082
0.006999492645263672
0.009999990463256836
0.004999637603759766
0.0060002803802490234
0.00800013542175293
0.006000518798828125
0.008000612258911133
0.0070002079010009766
0.03200197219848633
0.007997751235961914
0.005999088287353516
0.00799870491027832
0.006999969482421875
0.00599980354309082
0.00799870491027832
0.008001089096069336
0.006000041961669922
0.008998870849609375
0.007998228073120117
0.005000114440917969
0.0070002079010009766
0.007001399993896484
0.004998922348022461
0.00700068473815918
0.0069997310638427734
0.012000322341918945
0.006998538970947266
0.008002281188964844
0.0069980621337890625
0.0060007572174072266
0.0059986114501953125
0.007999658584594727
0.006999015808105469
0.007001161575317383
0.00599980354309082
0.005999565124511719
0.01600027084350586
0.007999420166015625
0.0070002079010009766
0.005999565124511719
0.0060002803802490234
0.006999492645263672
0.006998538970947266
0.020999908447265625
0.007000446319580078
0.006998777389526367
0.00599980354309082
0.005998373031616211
0.006000041961669922
0.006000041961669922
0.006000041961669922
0.00599980354309082
0.02900075912475586
0.007997512817382812
0.005000114440917969
0.006998777389526367
0.006000041961669922
0.00599980354309082
0.007999658584594727
0.008999109268188477
0.007999658584594727
0.00800013542175293
0.007995843887329102
0.00599980354309082
0.00899958610534668
0.0049991607666015625
0.006999492645263672
0.0059986114501953125
0.007000923156738281
0.008999109268188477
0.0069997310638427734
0.005999565124511719
0.006000041961669922
0.008001327514648438
0.00599980354309082
0.008000612258911133
0.00899958610534668
0.02599930763244629
0.007998943328857422
0.005997896194458008
0.007997274398803711
0.0070002079010009766
0.004999399185180664
0.006999492645263672
0.008000612258911133
0.0060002803802490234
0.008000373840332031
0.00699925422668457
0.008000850677490234
0.006997108459472656
0.006001472473144531
0.006998300552368164
0.0069997310638427734
0.00599980354309082
0.006000041961669922
0.005000591278076172
0.006998538970947266
0.015002012252807617
0.00600123405456543
0.008999109268188477
0.006000518798828125
0.005999326705932617
0.0070002079010009766
0.00899958610534668
0.0059986114501953125
0.007000446319580078
0.007997989654541016
0.005999565124511719
0.005999326705932617
0.004999876022338867
0.00700068473815918
0.00599980354309082
0.007999420166015625
0.005998373031616211
0.0060007572174072266
0.007999658584594727
0.0060007572174072266
0.0059986114501953125
0.006000041961669922
0.0060002803802490234
0.006999969482421875
