0.0305478572845459
0.03124403953552246
0.02942800521850586
0.030494213104248047
0.03074502944946289
0.02950906753540039
0.028126001358032227
0.030224084854125977
0.02826714515686035
0.0029914379119873047
0.0039980411529541016
0.003000497817993164
0.003000497817993164
0.0029990673065185547
0.0039980411529541016
0.003000020980834961
0.0030007362365722656
0.004999876022338867
0.003000020980834961
0.005998373031616211
0.0029981136322021484
0.003000497817993164
0.002999544143676758
0.00299835205078125
0.002999544143676758
0.003000974655151367
0.003000020980834961
0.006002902984619141
0.0039980411529541016
0.004000186920166016
0.0029981136322021484
0.003999948501586914
0.002999544143676758
0.0029985904693603516
0.003000974655151367
0.0049991607666015625
0.0029976367950439453
0.003001689910888672
0.0029997825622558594
0.0029993057250976562
0.0040018558502197266
0.0029985904693603516
0.004000425338745117
0.0029959678649902344
0.0029990673065185547
0.007001399993896484
0.0029997825622558594
0.0030002593994140625
0.0029997825622558594
0.002998828887939453
0.003000974655151367
0.005000114440917969
0.00500035285949707
0.005000591278076172
0.0029997825622558594
0.004998922348022461
0.002999544143676758
0.003000497817993164
0.0029997825622558594
0.002999544143676758
0.00400233268737793
0.004004001617431641
0.0029993057250976562
0.0049991607666015625
0.004000425338745117
0.002999544143676758
0.0029964447021484375
0.003001689910888672
0.00299835205078125
0.003998517990112305
0.0029993057250976562
0.0070002079010009766
0.0039997100830078125
0.003000020980834961
0.0029997825622558594
0.0029976367950439453
0.00299835205078125
0.003000020980834961
0.004000186920166016
0.0020003318786621094
0.003998756408691406
0.004000425338745117
0.0069997310638427734
0.003998756408691406
0.00299835205078125
0.0040013790130615234
0.003999471664428711
0.002996683120727539
0.0039975643157958984
0.0060002803802490234
0.005000591278076172
0.004000425338745117
0.0030007362365722656
0.0029993057250976562
0.0030012130737304688
0.0050008296966552734
0.006000518798828125
0.003999233245849609
0.005002260208129883
0.005001068115234375
0.0030007362365722656
0.003000497817993164
0.006002187728881836
0.0039997100830078125
0.002999544143676758
0.006999015808105469
0.003000020980834961
0.0029990673065185547
0.0029997825622558594
0.003002166748046875
0.002998828887939453
0.003000020980834961
0.00500035285949707
0.0029981136322021484
0.004002571105957031
0.0030012130737304688
0.006000041961669922
0.0030019283294677734
0.0029997825622558594
0.002998828887939453
0.003999948501586914
0.003002643585205078
0.0029997825622558594
0.002998828887939453
0.0039997100830078125
0.005000114440917969
0.0029997825622558594
0.0019996166229248047
0.0030002593994140625
0.0029990673065185547
0.002999544143676758
0.0039980411529541016
0.003000497817993164
0.0029997825622558594
0.003998994827270508
0.0050008296966552734
0.004001140594482422
0.0029985904693603516
0.004000663757324219
0.0029993057250976562
0.004001617431640625
0.0029993057250976562
0.003000020980834961
0.002999544143676758
0.00400090217590332
0.0030002593994140625
0.002997875213623047
0.003000020980834961
0.0029997825622558594
0.0030002593994140625
0.003000020980834961
0.004001140594482422
0.004000663757324219
0.002000093460083008
0.003000020980834961
0.003000020980834961
0.004999399185180664
0.0029976367950439453
0.002998828887939453
0.0029981136322021484
0.0029997825622558594
0.004999876022338867
0.003000020980834961
0.00299835205078125
0.003999948501586914
0.00299835205078125
0.0030012130737304688
0.004999876022338867
0.003000020980834961
0.0019998550415039062
0.004999637603759766
0.003999948501586914
0.003000974655151367
0.0049974918365478516
0.0069997310638427734
0.00500035285949707
0.004000186920166016
0.005001544952392578
0.0030014514923095703
0.003997802734375
0.003001689910888672
0.003999471664428711
0.0030002593994140625
0.0030002593994140625
0.0029997825622558594
0.0030019283294677734
0.004001140594482422
0.00500035285949707
0.003000020980834961
0.0030019283294677734
0.005999565124511719
0.005002737045288086
0.002997875213623047
0.005000114440917969
0.0030007362365722656
0.003000020980834961
0.0039997100830078125
0.003999948501586914
0.0030024051666259766
0.003002166748046875
0.0029997825622558594
0.003999948501586914
0.0029985904693603516
0.003000020980834961
0.0030012130737304688
0.003997325897216797
0.0030012130737304688
0.003999471664428711
0.002999544143676758
0.004999876022338867
0.003000020980834961
0.003000020980834961
0.0030002593994140625
0.003000020980834961
0.0029969215393066406
0.005000114440917969
0.0030002593994140625
0.0040018558502197266
0.003999948501586914
0.004997968673706055
0.002999544143676758
0.004999399185180664
0.0029976367950439453
0.0029985904693603516
0.002998828887939453
0.0030007362365722656
0.0029997825622558594
0.004997730255126953
0.00500035285949707
0.00400090217590332
0.0029993057250976562
0.0029976367950439453
0.002997875213623047
0.003000020980834961
0.003000020980834961
0.003999948501586914
0.003999948501586914
0.004001140594482422
0.003000020980834961
0.003000497817993164
0.003000020980834961
0.004000186920166016
0.002999544143676758
0.0029997825622558594
0.003000020980834961
0.003000020980834961
0.0029990673065185547
0.0039997100830078125
0.003001689910888672
0.003998756408691406
0.002999544143676758
0.0029993057250976562
0.0029997825622558594
0.003998756408691406
0.0039980411529541016
0.003000020980834961
0.0029997825622558594
0.005000114440917969
0.004000425338745117
0.003000497817993164
0.0029981136322021484
0.004999637603759766
0.0029985904693603516
0.003999233245849609
0.0029993057250976562
0.0029985904693603516
0.0030002593994140625
0.0029976367950439453
0.005999326705932617
0.0029976367950439453
0.003000020980834961
0.005000591278076172
0.0039980411529541016
0.0029997825622558594
0.0040018558502197266
0.002999544143676758
0.004001617431640625
0.004000186920166016
0.003000020980834961
0.0029997825622558594
0.00400090217590332
0.0030007362365722656
0.0029997825622558594
0.003000020980834961
0.004001617431640625
0.0029990673065185547
0.0030002593994140625
0.004000186920166016
0.0029997825622558594
0.0029981136322021484
0.004998207092285156
0.0029997825622558594
0.0029985904693603516
0.006000518798828125
0.00299835205078125
0.003000020980834961
0.0029993057250976562
0.00299835205078125
0.0029997825622558594
0.0050013065338134766
0.003000020980834961
0.005000591278076172
0.0029985904693603516
0.003998279571533203
0.005000114440917969
0.004001140594482422
0.004002094268798828
0.003001689910888672
0.0029976367950439453
0.0040013790130615234
0.003999471664428711
0.003000020980834961
0.003997802734375
0.004000186920166016
0.005997896194458008
0.003000020980834961
0.002997875213623047
0.002999544143676758
0.0029985904693603516
0.0030014514923095703
0.0030002593994140625
0.003000020980834961
0.002999544143676758
0.0029993057250976562
0.07299923896789551
0.004000186920166016
0.004000663757324219
0.0029997825622558594
0.0029981136322021484
0.0029964447021484375
0.0029997825622558594
0.002999544143676758
0.002999544143676758
0.0040035247802734375
0.0020194053649902344
0.0029993057250976562
0.002999544143676758
0.0020008087158203125
0.0030007362365722656
0.003000020980834961
0.00500035285949707
0.003000974655151367
0.0030012130737304688
0.0030007362365722656
0.004999876022338867
0.003000020980834961
0.0029990673065185547
0.005001068115234375
0.004001140594482422
0.004000425338745117
0.0029993057250976562
0.0030002593994140625
0.0029976367950439453
0.0029997825622558594
0.002999544143676758
0.004012346267700195
0.004002094268798828
0.0029976367950439453
0.0029993057250976562
0.0039997100830078125
0.0030002593994140625
0.003000974655151367
0.0040013790130615234
0.00500035285949707
0.0029976367950439453
0.003999948501586914
0.004003047943115234
0.0030024051666259766
0.004999637603759766
0.004000663757324219
0.004000186920166016
0.0030002593994140625
0.003998994827270508
0.004000186920166016
0.0029993057250976562
0.003998517990112305
0.0029997825622558594
0.0029990673065185547
0.0060002803802490234
0.00299835205078125
0.002999544143676758
0.003999471664428711
0.004000425338745117
0.002997159957885742
0.0029993057250976562
0.0030031204223632812
0.003998994827270508
0.003000020980834961
0.0029997825622558594
0.003998279571533203
0.006000041961669922
0.005002737045288086
0.005000114440917969
0.003998279571533203
0.003999948501586914
0.0029990673065185547
0.00599980354309082
0.0030019283294677734
0.0029997825622558594
0.0030012130737304688
0.0029997825622558594
0.003000020980834961
0.003998756408691406
0.003001689910888672
0.003997325897216797
0.006999015808105469
0.0029997825622558594
0.003000020980834961
0.003999948501586914
0.00400233268737793
0.0050008296966552734
0.0030019283294677734
0.00400090217590332
0.002999544143676758
0.004001140594482422
0.002000093460083008
0.003998279571533203
0.0029997825622558594
0.002000093460083008
0.002001523971557617
0.0029997825622558594
0.0020003318786621094
0.0029990673065185547
0.0029993057250976562
0.002998828887939453
0.0029993057250976562
0.002000093460083008
0.0029981136322021484
0.00299835205078125
0.002999544143676758
0.001996278762817383
0.0020008087158203125
0.001999378204345703
0.003000020980834961
0.002000093460083008
0.001999378204345703
0.0029985904693603516
0.003000974655151367
0.003000020980834961
0.0030024051666259766
0.0029985904693603516
0.003000497817993164
0.003000020980834961
0.0029997825622558594
0.0029976367950439453
0.0029993057250976562
0.0029997825622558594
0.0019996166229248047
0.0030024051666259766
0.003001689910888672
0.003000497817993164
0.0019986629486083984
0.0029993057250976562
0.0030002593994140625
0.002000093460083008
0.003000020980834961
0.003000020980834961
0.0030002593994140625
0.002999544143676758
0.0029990673065185547
0.0030002593994140625
0.002000570297241211
0.004002809524536133
0.003002166748046875
0.004000663757324219
0.004000186920166016
0.003000020980834961
0.0029997825622558594
0.002000093460083008
0.002000093460083008
0.003998994827270508
0.0019998550415039062
0.004000186920166016
0.002000093460083008
0.002000093460083008
0.0019998550415039062
0.0029997825622558594
0.004999637603759766
0.001999378204345703
0.0029990673065185547
0.003001689910888672
0.003000020980834961
0.00299835205078125
0.0019998550415039062
0.0030014514923095703
0.00400233268737793
0.0019989013671875
0.004997968673706055
0.003000020980834961
0.0030012130737304688
0.0029997825622558594
0.002999544143676758
0.0029985904693603516
0.0029997825622558594
0.004997730255126953
0.0029985904693603516
0.003000974655151367
0.003000497817993164
0.003001689910888672
0.003996610641479492
0.003000020980834961
0.0030002593994140625
0.0029997825622558594
0.01600170135498047
0.0030007362365722656
0.0030002593994140625
0.0029990673065185547
0.0030002593994140625
0.003000497817993164
0.003000020980834961
0.003000020980834961
0.003000497817993164
0.0029997825622558594
0.0030007362365722656
0.002998828887939453
0.003000020980834961
0.003000497817993164
0.0029997825622558594
0.004999876022338867
0.0029985904693603516
0.0029985904693603516
0.002997875213623047
0.001999378204345703
0.0039997100830078125
0.003000974655151367
0.0019991397857666016
0.0030002593994140625
0.003000020980834961
0.004999399185180664
0.0029993057250976562
0.0029997825622558594
0.003000497817993164
0.003000020980834961
0.0029990673065185547
0.0039997100830078125
0.0029976367950439453
0.0030002593994140625
0.0029985904693603516
0.0030002593994140625
0.0030002593994140625
0.003000020980834961
0.003000020980834961
0.0029997825622558594
0.003002166748046875
0.002997875213623047
0.0039997100830078125
0.003000020980834961
0.003000020980834961
0.003999948501586914
0.0019991397857666016
0.002999544143676758
0.003998279571533203
0.0029997825622558594
0.003000497817993164
0.003000497817993164
0.004000186920166016
0.002999544143676758
0.0029997825622558594
0.003000020980834961
0.002998828887939453
0.003999233245849609
0.0029993057250976562
0.00699925422668457
0.004000186920166016
0.003000020980834961
0.0029997825622558594
0.0030012130737304688
0.005999326705932617
0.0029993057250976562
0.0029997825622558594
0.003000974655151367
0.0030007362365722656
0.004000186920166016
0.0029990673065185547
0.003002166748046875
0.004000186920166016
0.0029990673065185547
0.009002447128295898
0.003000020980834961
0.0029990673065185547
0.003000497817993164
0.002999544143676758
0.0029985904693603516
0.003998994827270508
0.004001140594482422
0.006001472473144531
0.005002021789550781
0.0030019283294677734
0.003000974655151367
0.003000974655151367
0.003000497817993164
0.003000497817993164
0.0019991397857666016
0.003000497817993164
0.0029993057250976562
0.003000974655151367
0.0029993057250976562
0.0030002593994140625
0.0019998550415039062
0.0020003318786621094
0.003000974655151367
0.002998828887939453
0.003002166748046875
0.0029969215393066406
0.0039997100830078125
0.0030007362365722656
0.004000663757324219
0.004000425338745117
0.004001140594482422
0.004999637603759766
0.002996206283569336
0.00400090217590332
0.0029997825622558594
0.003000497817993164
0.004003047943115234
0.005000591278076172
0.002000093460083008
0.0029997825622558594
0.0019998550415039062
0.0030002593994140625
0.0030002593994140625
0.002999544143676758
0.003000497817993164
0.0019989013671875
0.004000186920166016
0.002998828887939453
0.0050008296966552734
0.0029997825622558594
0.0029997825622558594
0.004000186920166016
0.0029997825622558594
0.004998922348022461
0.002999544143676758
0.0029997825622558594
0.003999471664428711
0.00299835205078125
0.003000020980834961
