0.7376389503479004
0.6794381141662598
0.39229416847229004
0.426929235458374
0.3794410228729248
0.3822188377380371
0.3776109218597412
0.38913512229919434
0.3854641914367676
0.38580894470214844
0.3848581314086914
0.38694024085998535
1.0420000553131104
1.5230000019073486
0.05399823188781738
0.05699944496154785
0.054999351501464844
0.057999610900878906
0.05300140380859375
0.053998470306396484
0.05699896812438965
0.058999061584472656
1.552001714706421
0.060999393463134766
0.05899953842163086
0.056000471115112305
0.05499887466430664
0.056998252868652344
0.05399918556213379
0.062082529067993164
0.06200003623962402
0.05499911308288574
0.06100916862487793
0.0559995174407959
0.055999755859375
0.057999372482299805
0.057999610900878906
0.06099987030029297
0.05799984931945801
0.05900073051452637
0.05689287185668945
0.053997039794921875
0.05800175666809082
0.05700087547302246
0.05801129341125488
0.05499863624572754
0.05400848388671875
0.05699968338012695
0.05600857734680176
0.05999946594238281
0.06000947952270508
0.05800008773803711
0.05599713325500488
0.05900311470031738
0.05899977684020996
0.055999755859375
0.058998823165893555
0.05699944496154785
0.05799984931945801
0.05699777603149414
0.055999755859375
0.05099916458129883
0.05399894714355469
0.057999372482299805
0.05700063705444336
0.0579981803894043
0.05699801445007324
0.057999372482299805
0.055001258850097656
0.059999704360961914
0.05599856376647949
0.05400228500366211
0.055998802185058594
0.060001373291015625
0.06000089645385742
0.0559992790222168
0.0559992790222168
0.056000471115112305
0.05800151824951172
0.06099843978881836
0.08499884605407715
0.08699846267700195
0.08299922943115234
0.056000471115112305
0.08600091934204102
0.08199906349182129
0.08899950981140137
0.054999351501464844
0.09299921989440918
0.05499982833862305
0.058998823165893555
0.08399844169616699
0.05699896812438965
0.10800051689147949
0.05699920654296875
0.05899930000305176
1.5089991092681885
0.05500030517578125
0.05499982833862305
0.051999568939208984
0.05399751663208008
0.05399966239929199
0.05299949645996094
0.0559999942779541
0.054999589920043945
0.059999942779541016
0.05700254440307617
0.0579988956451416
0.05300164222717285
0.05399942398071289
0.056000709533691406
0.052999258041381836
0.05800127983093262
0.053998708724975586
0.05800056457519531
0.05600237846374512
0.0559992790222168
0.054999589920043945
0.055999755859375
0.05699729919433594
0.05499863624572754
0.04899740219116211
0.06100058555603027
0.053002119064331055
0.05099797248840332
0.051000356674194336
0.051000118255615234
0.061998605728149414
0.062000274658203125
0.06099820137023926
0.06199979782104492
0.06103086471557617
0.06099987030029297
0.061000823974609375
0.060999155044555664
0.06199932098388672
0.06199932098388672
0.05900001525878906
0.06200075149536133
0.05899834632873535
0.061000823974609375
0.062000274658203125
0.06100010871887207
0.06099843978881836
0.06099843978881836
0.05899953842163086
0.05498695373535156
0.05700111389160156
0.05399918556213379
0.05500197410583496
0.05300092697143555
0.054999589920043945
0.054001808166503906
0.05499696731567383
0.08100032806396484
0.0840001106262207
0.08199882507324219
0.05399894714355469
0.08700060844421387
0.08299875259399414
0.08300137519836426
0.05099987983703613
0.09199833869934082
0.054001808166503906
0.05499768257141113
0.08300137519836426
0.050998687744140625
0.0969998836517334
0.05499982833862305
0.05500006675720215
