0.10921120643615723
0.10611605644226074
0.08478689193725586
0.09013199806213379
0.06181025505065918
0.06374692916870117
0.12248897552490234
0.08599328994750977
0.06831479072570801
0.09588408470153809
0.0528409481048584
0.05124497413635254
0.04999208450317383
0.04971885681152344
0.06012225151062012
0.05290794372558594
0.05286765098571777
0.0518798828125
0.05178213119506836
0.05071687698364258
0.05029034614562988
0.0504918098449707
0.05235910415649414
0.04996490478515625
0.050360918045043945
0.05059194564819336
0.0514066219329834
0.050438880920410156
0.049883127212524414
0.04991888999938965
0.05660390853881836
0.05236101150512695
0.05065298080444336
0.05149483680725098
0.05150604248046875
0.051320791244506836
0.05018186569213867
0.050621986389160156
0.05305218696594238
0.05075812339782715
0.050859928131103516
0.05077004432678223
0.05152177810668945
0.05103421211242676
0.05015897750854492
0.05051612854003906
0.053563833236694336
0.05136275291442871
0.05066394805908203
0.05216813087463379
