0.040817975997924805
0.05894327163696289
0.052036285400390625
0.02945399284362793
0.03004598617553711
0.07312202453613281
0.059471845626831055
0.030636072158813477
0.05611991882324219
0.03037405014038086
0.04268169403076172
0.04604601860046387
0.05124092102050781
0.030499935150146484
0.07840299606323242
0.04939603805541992
0.038240909576416016
0.025271177291870117
0.024996280670166016
0.02403998374938965
0.024317026138305664
0.024369001388549805
0.02475118637084961
0.040171146392822266
0.026170015335083008
0.037018775939941406
0.02606797218322754
0.026504993438720703
0.025653839111328125
0.025628089904785156
0.0260009765625
0.025181293487548828
0.024383068084716797
0.025164127349853516
0.024417877197265625
0.025026798248291016
0.024309873580932617
0.026446104049682617
0.025715112686157227
0.02400517463684082
0.024923324584960938
0.025008201599121094
0.025207996368408203
0.02461695671081543
0.025690078735351562
0.02424907684326172
0.024821996688842773
0.025675058364868164
0.02434706687927246
0.02415299415588379
0.02541375160217285
0.0260770320892334
0.02631235122680664
0.024535179138183594
0.024949073791503906
0.02423572540283203
0.024756908416748047
0.025514841079711914
0.025858163833618164
0.025552034378051758
0.025493144989013672
0.025340795516967773
0.024812936782836914
0.024869918823242188
0.02633380889892578
0.02636122703552246
0.025951147079467773
0.024277925491333008
0.025918245315551758
0.025124073028564453
0.02485179901123047
0.026098012924194336
0.026423931121826172
0.025805234909057617
0.024879932403564453
0.02533102035522461
0.024760723114013672
0.025066375732421875
0.024965763092041016
0.02493000030517578
0.025786876678466797
0.025725126266479492
0.02444624900817871
0.025018692016601562
0.02568507194519043
0.025078773498535156
