3.905876874923706
3.8216841220855713
3.5446858406066895
3.620857000350952
3.681887149810791
3.600996971130371
3.649651050567627
3.471993923187256
3.5567948818206787
3.6674129962921143
3.4913370609283447
3.505263090133667
3.499748706817627
3.4951701164245605
3.510084867477417
3.5083909034729004
3.522203207015991
3.499795913696289
3.540118932723999
3.5133280754089355
3.495013952255249
3.5013701915740967
3.504546642303467
3.5027427673339844
3.5058460235595703
3.496661901473999
3.511136054992676
3.508526086807251
3.502561092376709
3.5138180255889893
3.521620035171509
3.5102059841156006
3.529339075088501
3.504551887512207
3.500446081161499
3.7300050258636475
3.537538766860962
3.4980039596557617
3.490902900695801
3.4952290058135986
3.4973559379577637
3.4934029579162598
3.4910149574279785
3.496752977371216
3.491676092147827
3.48954701423645
3.4858288764953613
3.4894282817840576
3.4817779064178467
3.4957237243652344
3.488614797592163
3.4898900985717773
3.4921278953552246
3.511136054992676
3.499246835708618
3.500161647796631
3.5001912117004395
3.495905876159668
3.4921469688415527
3.531834125518799
3.5493390560150146
3.5145621299743652
3.5120949745178223
3.4962801933288574
3.5031650066375732
3.529250144958496
3.50014591217041
3.507061004638672
3.5061731338500977
3.500985860824585
3.4968068599700928
3.510507106781006
3.5129430294036865
3.4956040382385254
3.516211986541748
3.505547046661377
3.5338029861450195
3.5056440830230713
3.519212007522583
3.513969898223877
3.549241065979004
3.5071048736572266
3.5013351440429688
3.5033721923828125
3.507228136062622
3.507460117340088
3.5552010536193848
3.499159097671509
3.5087223052978516
3.5061380863189697
3.5136148929595947
3.5016987323760986
3.5313949584960938
3.504728078842163
3.516402006149292
3.520409107208252
3.6067819595336914
3.572472095489502
3.585545063018799
3.5570449829101562
3.4958322048187256
3.4929211139678955
3.492163896560669
3.501298189163208
3.494149923324585
3.512115240097046
3.5102972984313965
3.51076078414917
3.9659059047698975
3.5702991485595703
3.473174810409546
