0.4589860439300537
0.4382798671722412
0.2864360809326172
0.2873508930206299
0.2882380485534668
0.30814313888549805
0.2949559688568115
0.30463266372680664
0.3001670837402344
0.313291072845459
0.2901921272277832
0.33262205123901367
0.28334689140319824
0.28833818435668945
0.27961111068725586
0.2867271900177002
0.30029988288879395
0.3498680591583252
0.2880668640136719
0.2847931385040283
0.28334999084472656
0.2829740047454834
0.28530383110046387
0.28538966178894043
0.284193754196167
0.2851388454437256
0.2936208248138428
0.28347015380859375
0.28821873664855957
0.2825350761413574
0.28771114349365234
0.2878570556640625
0.2964627742767334
0.29623889923095703
0.291975736618042
0.28838396072387695
0.28583669662475586
0.2888619899749756
0.28340768814086914
0.282696008682251
0.3172440528869629
0.28528475761413574
0.2834780216217041
0.3023519515991211
0.2844209671020508
0.2904651165008545
0.2856738567352295
0.29679393768310547
0.28592896461486816
0.28240156173706055
0.29312682151794434
0.29186105728149414
0.2973771095275879
0.2860727310180664
0.2838718891143799
0.2900829315185547
0.28650903701782227
0.293071985244751
0.3058750629425049
0.2899909019470215
0.28539490699768066
0.2857859134674072
0.28923583030700684
0.28627490997314453
0.28687191009521484
0.2857851982116699
0.2845907211303711
0.2972872257232666
0.2931966781616211
0.2918989658355713
0.2910118103027344
0.2845611572265625
0.29810523986816406
0.2843959331512451
0.28142619132995605
0.29534292221069336
0.3022923469543457
0.28429698944091797
0.28533482551574707
0.2862508296966553
0.29346513748168945
0.2838461399078369
0.2874267101287842
0.3006141185760498
0.28505897521972656
0.288848876953125
0.2899348735809326
0.28342199325561523
0.29805994033813477
0.28343796730041504
0.2891390323638916
0.29078102111816406
0.28595685958862305
0.28369998931884766
0.28493309020996094
0.28721189498901367
0.2924380302429199
0.2904331684112549
0.28723692893981934
0.288607120513916
0.290463924407959
0.2930421829223633
0.2893197536468506
0.2873671054840088
0.2862977981567383
0.2851548194885254
0.2995269298553467
0.28685688972473145
0.29160499572753906
0.28229784965515137
0.28633904457092285
0.29160499572753906
0.2888200283050537
0.2950878143310547
0.2851393222808838
0.29739880561828613
0.30083703994750977
0.30136704444885254
0.2856740951538086
0.2889409065246582
0.2901270389556885
0.2904958724975586
0.2874422073364258
0.2935929298400879
0.2880520820617676
0.2858448028564453
0.2834889888763428
0.28363800048828125
0.28267908096313477
0.2878427505493164
0.28280210494995117
0.2843451499938965
0.33093976974487305
0.28897714614868164
0.28246235847473145
