0.005744218826293945
0.008181095123291016
0.004021167755126953
0.004670858383178711
0.004137992858886719
0.007801055908203125
0.007003068923950195
0.007477998733520508
0.0067250728607177734
0.003598928451538086
0.007231950759887695
0.01082301139831543
0.007999658584594727
0.005999565124511719
0.005997896194458008
0.013000011444091797
0.004997968673706055
0.017999649047851562
0.010999917984008789
0.013001441955566406
0.004002094268798828
0.017000913619995117
0.007001399993896484
0.013001203536987305
0.01199793815612793
0.0029997825622558594
0.01700139045715332
0.011003732681274414
0.012000560760498047
0.002999544143676758
0.016999006271362305
0.00400090217590332
0.003998517990112305
0.004000663757324219
0.004000186920166016
0.003998756408691406
0.01699995994567871
0.004235982894897461
0.0030002593994140625
0.003999233245849609
0.02200007438659668
0.006000518798828125
0.023000478744506836
0.005000114440917969
0.0040018558502197266
0.024001121520996094
0.01900029182434082
0.0029981136322021484
0.003999948501586914
0.002998828887939453
0.002999544143676758
0.02200031280517578
0.02100396156311035
0.004000425338745117
0.0029973983764648438
0.004000186920166016
0.004001140594482422
0.003998279571533203
0.005000591278076172
0.029001474380493164
0.02700066566467285
0.002999544143676758
0.015999317169189453
0.005000114440917969
0.013999462127685547
0.014000415802001953
0.014000415802001953
0.004000663757324219
0.020999431610107422
0.012999296188354492
0.004001617431640625
0.017000198364257812
0.004999399185180664
0.004998683929443359
0.029000520706176758
0.022999286651611328
0.026000022888183594
0.0040013790130615234
0.027998924255371094
0.003001689910888672
0.023000240325927734
0.020999908447265625
0.02299785614013672
0.003000497817993164
0.026999473571777344
0.028998851776123047
0.02899932861328125
0.008000373840332031
0.04199981689453125
0.0030014514923095703
0.003998756408691406
0.02200031280517578
0.0030019283294677734
0.03200125694274902
0.02700185775756836
0.005001544952392578
0.007001399993896484
0.00899958610534668
0.011998176574707031
0.0029993057250976562
0.01800251007080078
0.012000083923339844
0.01300048828125
0.004000663757324219
0.016000747680664062
0.0039980411529541016
0.0029976367950439453
0.004002571105957031
0.003998517990112305
0.003999948501586914
0.014998912811279297
0.004000663757324219
0.0039997100830078125
0.004000663757324219
0.020999908447265625
0.003999471664428711
0.022999286651611328
0.004000425338745117
0.0039997100830078125
0.022003173828125
0.01999950408935547
0.0030007362365722656
0.004999399185180664
0.004000186920166016
0.0029981136322021484
0.023001432418823242
0.020998477935791016
0.005999326705932617
0.00600123405456543
0.0060007572174072266
0.007002115249633789
0.00899958610534668
0.006000995635986328
0.08099985122680664
0.08499860763549805
0.005999326705932617
0.04674267768859863
0.005999326705932617
0.03600049018859863
0.03899955749511719
0.039000749588012695
0.005002021789550781
0.062003374099731445
0.03900027275085449
0.006000995635986328
0.017000436782836914
0.004013538360595703
0.003999233245849609
0.02700042724609375
0.024998903274536133
0.02299952507019043
0.0050008296966552734
0.026999235153198242
0.0050029754638671875
0.021999359130859375
0.022999048233032227
0.023999929428100586
0.004000186920166016
0.0260007381439209
0.02800130844116211
0.029000520706176758
0.003999471664428711
0.0390009880065918
0.004000663757324219
0.004999876022338867
0.022000551223754883
0.004004955291748047
0.031000137329101562
0.025000572204589844
0.004999876022338867
