0.2910921573638916
0.29453611373901367
0.29456424713134766
0.3107109069824219
0.2902085781097412
0.2950010299682617
0.29023003578186035
0.3069190979003906
0.278850793838501
0.03800034523010254
0.035999298095703125
0.03900146484375
0.040000200271606445
0.038999080657958984
0.03699994087219238
0.037999868392944336
0.039998531341552734
0.03700065612792969
0.042000770568847656
0.04001283645629883
0.039000511169433594
0.037000417709350586
0.040000200271606445
0.03699994087219238
0.03899979591369629
0.0390012264251709
0.039999961853027344
0.03900003433227539
0.040999650955200195
0.040000200271606445
0.03800153732299805
0.03700065612792969
0.03903484344482422
0.037999868392944336
0.039003849029541016
0.0410001277923584
0.03900146484375
0.039999961853027344
0.03901052474975586
0.03999948501586914
0.038999080657958984
0.03699946403503418
0.037000179290771484
0.039000749588012695
0.03799915313720703
0.03799843788146973
0.040000200271606445
0.03802680969238281
0.03900027275085449
0.03699922561645508
0.03799891471862793
0.040999650955200195
0.0390012264251709
0.03800010681152344
0.04300045967102051
0.03999900817871094
0.037999868392944336
0.03600049018859863
0.0390009880065918
0.039999961853027344
0.03899955749511719
0.03899860382080078
0.040999650955200195
0.037000179290771484
0.03899979591369629
0.03900003433227539
0.03499960899353027
0.037001609802246094
0.040000200271606445
0.04300117492675781
0.0390009880065918
0.038999080657958984
0.03999686241149902
0.03800034523010254
0.037999629974365234
0.03799939155578613
0.03899979591369629
0.03699970245361328
0.040000200271606445
0.03900003433227539
0.03899836540222168
0.03699994087219238
0.038999080657958984
0.038999080657958984
0.037999868392944336
0.043000221252441406
0.042000770568847656
0.037000179290771484
0.03799891471862793
0.037999868392944336
0.037000179290771484
0.041001319885253906
0.03600025177001953
0.03700113296508789
0.03600025177001953
0.036000728607177734
0.03699994087219238
0.03699922561645508
0.03799843788146973
0.03699970245361328
0.037009239196777344
0.037000417709350586
0.03600001335144043
0.03800177574157715
0.04000067710876465
0.03899979591369629
0.03899979591369629
0.03800034523010254
0.03700065612792969
0.03699946403503418
0.03699684143066406
0.03800177574157715
0.03700065612792969
0.03699994087219238
0.03799891471862793
0.03500175476074219
0.03803658485412598
0.043000221252441406
0.03600001335144043
0.03600025177001953
0.03499937057495117
0.03399968147277832
0.0410008430480957
0.03899860382080078
0.03900003433227539
0.0410006046295166
0.04200100898742676
0.0410003662109375
0.04099750518798828
0.04100322723388672
0.04099917411804199
0.0399632453918457
0.0390017032623291
0.042000770568847656
0.04000091552734375
0.04000115394592285
0.038999319076538086
0.03999686241149902
0.04000401496887207
0.03900027275085449
0.03500247001647949
0.03499937057495117
0.037001609802246094
0.03699827194213867
0.038001298904418945
0.03600025177001953
0.037999629974365234
0.03800058364868164
0.039999961853027344
0.037999629974365234
0.037000179290771484
0.03800320625305176
0.04000091552734375
0.03899979591369629
0.037999868392944336
0.04004836082458496
0.04007434844970703
0.03699922561645508
0.039000511169433594
0.03800177574157715
0.03699898719787598
0.034009456634521484
0.0350041389465332
0.03600001335144043
0.03600001335144043
0.0410001277923584
