0.034069061279296875
0.029880046844482422
0.030755043029785156
0.04308819770812988
0.03435707092285156
0.0294191837310791
0.030259370803833008
0.032179832458496094
0.031739234924316406
0.002998828887939453
0.003998994827270508
0.004998445510864258
0.003999471664428711
0.0050013065338134766
0.003999471664428711
0.003998994827270508
0.0029993057250976562
0.002998828887939453
0.00299835205078125
0.003999948501586914
0.003999948501586914
0.003998756408691406
0.003998756408691406
0.0039997100830078125
0.003998756408691406
0.003996610641479492
0.0029981136322021484
0.004997730255126953
0.0039997100830078125
0.0029993057250976562
0.002999544143676758
0.003999471664428711
0.007001161575317383
0.003997325897216797
0.0029990673065185547
0.003999948501586914
0.00299835205078125
0.0029993057250976562
0.003998517990112305
0.003998994827270508
0.0039980411529541016
0.005000591278076172
0.003999233245849609
0.004000186920166016
0.003997802734375
0.003998756408691406
0.003999948501586914
0.003000020980834961
0.003999471664428711
0.005002498626708984
0.003999948501586914
0.005999565124511719
0.003998517990112305
0.003999471664428711
0.003999233245849609
0.0039997100830078125
0.003999471664428711
0.00299835205078125
0.004998922348022461
0.003998756408691406
0.003998756408691406
0.002999544143676758
0.003998756408691406
0.005998373031616211
0.004998683929443359
0.004998445510864258
0.0049991607666015625
0.004998207092285156
0.003998994827270508
0.003998279571533203
0.0029973983764648438
0.0029993057250976562
0.004998683929443359
0.005997896194458008
0.003998279571533203
0.0029981136322021484
0.003998517990112305
0.0029985904693603516
0.005997896194458008
0.004998445510864258
0.0029990673065185547
0.0039980411529541016
0.0039997100830078125
0.003999471664428711
0.003999471664428711
0.0029976367950439453
0.0029990673065185547
0.004999876022338867
0.0029981136322021484
0.004998445510864258
0.005999326705932617
0.003998279571533203
0.003000497817993164
0.0049991607666015625
0.004998683929443359
0.0039997100830078125
0.0039980411529541016
0.0030014514923095703
0.003997325897216797
0.005999088287353516
0.003998279571533203
0.003999471664428711
0.002999544143676758
0.006000518798828125
0.0039980411529541016
0.003999948501586914
0.00400090217590332
0.002998828887939453
0.0059986114501953125
0.002999544143676758
0.004003286361694336
0.0039997100830078125
0.00400090217590332
0.002998828887939453
0.003000497817993164
0.003999948501586914
0.003998517990112305
0.004997730255126953
0.0039997100830078125
0.003999948501586914
0.0029985904693603516
0.002998828887939453
0.00400090217590332
0.004001617431640625
0.003998756408691406
0.003999471664428711
0.003998279571533203
0.003998279571533203
0.0050013065338134766
0.003998756408691406
0.005999326705932617
0.0040433406829833984
0.0039980411529541016
0.0039975643157958984
0.003997802734375
0.0059969425201416016
0.003997325897216797
0.005002021789550781
0.003997802734375
0.003998994827270508
0.004997730255126953
0.003000020980834961
0.0039997100830078125
0.004000663757324219
0.003999471664428711
0.002999544143676758
0.003999471664428711
0.0049974918365478516
0.0039997100830078125
0.003998517990112305
0.003999948501586914
0.005999326705932617
0.004998445510864258
0.003997325897216797
0.004000186920166016
0.002998828887939453
0.003998756408691406
0.0029985904693603516
0.003999233245849609
0.003002643585205078
0.004000663757324219
0.0029993057250976562
0.0039997100830078125
0.0039980411529541016
0.004998445510864258
0.004999876022338867
