73.80354595184326
59.34329414367676
34.3627507686615
41.870776891708374
45.580920934677124
45.58122181892395
42.14284610748291
42.083150148391724
46.05468988418579
6.402011156082153
5.306999683380127
3.0110011100769043
4.0215137004852295
3.3450100421905518
7.6775712966918945
2.6800005435943604
2.708001136779785
4.029999494552612
6.908555507659912
5.6590118408203125
3.260000467300415
4.350020408630371
3.621001720428467
8.323537111282349
2.9020192623138428
2.938213586807251
4.352534055709839
2.9309980869293213
2.9280004501342773
2.92699933052063
2.9220194816589355
2.922996759414673
2.534010887145996
2.9260025024414062
6.128041982650757
3.286999225616455
3.9790220260620117
3.2840092182159424
3.640010118484497
2.925011396408081
2.9290120601654053
2.538649082183838
4.33681845664978
3.6420087814331055
2.921002149581909
2.921999454498291
2.917027235031128
3.282011032104492
3.9750406742095947
2.9200186729431152
2.9210190773010254
2.9090194702148438
2.9130358695983887
2.9220170974731445
2.1979215145111084
3.9789998531341553
2.530512809753418
4.844075441360474
3.6350011825561523
2.535001277923584
2.8890013694763184
5.979940176010132
3.986999750137329
2.1690142154693604
2.534001350402832
4.337001085281372
3.262000799179077
10.41900086402893
2.53800106048584
2.5625083446502686
3.9910025596618652
4.366250038146973
3.659001350402832
2.8910019397735596
7.976925611495972
2.891998767852783
12.726511240005493
4.329516172409058
6.6980016231536865
2.5310003757476807
5.2285051345825195
2.8910000324249268
6.006000995635986
2.8920013904571533
4.020000457763672
2.5385067462921143
2.532996416091919
7.5855042934417725
2.534001350402832
3.97400164604187
3.253000497817993
2.531001567840576
6.421007871627808
5.254019021987915
3.0190019607543945
4.02699875831604
3.364002227783203
7.719000577926636
2.6940038204193115
2.7160017490386963
4.034002065658569
2.711000680923462
2.713000774383545
2.7049996852874756
2.723001480102539
2.7270009517669678
2.3489980697631836
2.7099993228912354
5.680009841918945
3.0470004081726074
3.7019994258880615
3.0400002002716064
3.407008647918701
2.7099995613098145
2.725999116897583
2.3799996376037598
4.070382356643677
3.399000883102417
2.7920005321502686
2.751014471054077
2.7862701416015625
3.14202618598938
3.7009987831115723
2.7230000495910645
2.715001106262207
2.719000816345215
2.71699857711792
2.7150015830993652
2.0529990196228027
3.693999767303467
2.348001718521118
4.496082544326782
3.3499996662139893
2.3519980907440186
2.6780002117156982
5.5690016746521
3.689000129699707
2.0130021572113037
2.3610010147094727
4.02700138092041
3.2385177612304688
9.695858001708984
2.3647358417510986
2.3660013675689697
3.7029998302459717
4.063000202178955
3.379999876022339
2.684000253677368
7.398008823394775
2.682008743286133
11.817997217178345
4.025000810623169
6.216684818267822
2.3519535064697266
4.864898920059204
2.682917594909668
5.578842878341675
2.6878743171691895
3.6919262409210205
2.3489511013031006
2.351950168609619
7.022866249084473
2.4100821018218994
3.7700071334838867
3.0210015773773193
2.3589999675750732
