0.4589860439300537
0.4382798671722412
0.2864360809326172
0.2873508930206299
0.2882380485534668
0.30814313888549805
0.2949559688568115
0.30463266372680664
0.3001670837402344
0.313291072845459
0.2901921272277832
0.33262205123901367
0.28334689140319824
0.28833818435668945
0.27961111068725586
0.2867271900177002
0.30029988288879395
0.3498680591583252
0.2880668640136719
0.2847931385040283
0.28334999084472656
0.2829740047454834
0.28530383110046387
0.28538966178894043
0.284193754196167
0.2851388454437256
0.2936208248138428
0.28347015380859375
0.28821873664855957
0.2825350761413574
0.28771114349365234
0.2878570556640625
0.2964627742767334
0.29623889923095703
0.291975736618042
0.28838396072387695
0.28583669662475586
0.2888619899749756
0.28340768814086914
0.282696008682251
0.3172440528869629
0.28528475761413574
0.2834780216217041
0.3023519515991211
0.2844209671020508
0.2904651165008545
0.2856738567352295
0.29679393768310547
0.28592896461486816
0.28240156173706055
0.29312682151794434
0.29186105728149414
0.2973771095275879
0.2860727310180664
0.2838718891143799
0.2900829315185547
0.28650903701782227
0.293071985244751
0.3058750629425049
0.2899909019470215
0.28539490699768066
0.2857859134674072
0.28923583030700684
0.28627490997314453
0.28687191009521484
0.2857851982116699
0.2845907211303711
0.2972872257232666
0.2931966781616211
0.2918989658355713
0.2910118103027344
0.2845611572265625
0.29810523986816406
0.2843959331512451
0.28142619132995605
0.29534292221069336
0.3022923469543457
0.28429698944091797
0.28533482551574707
0.2862508296966553
0.29346513748168945
0.2838461399078369
0.2874267101287842
0.3006141185760498
0.28505897521972656
0.288848876953125
0.2899348735809326
0.28342199325561523
0.29805994033813477
0.28343796730041504
0.2891390323638916
0.29078102111816406
0.28595685958862305
0.28369998931884766
0.28493309020996094
0.28721189498901367
0.2924380302429199
0.2904331684112549
0.28723692893981934
0.288607120513916
0.290463924407959
0.2930421829223633
0.2893197536468506
0.2873671054840088
0.2862977981567383
0.2851548194885254
0.2995269298553467
0.28685688972473145
0.29160499572753906
0.28229784965515137
0.28633904457092285
0.29160499572753906
0.2888200283050537
0.2950878143310547
0.2851393222808838
0.29739880561828613
0.30083703994750977
0.30136704444885254
0.2856740951538086
0.2889409065246582
0.2901270389556885
0.2904958724975586
0.2874422073364258
0.2935929298400879
0.2880520820617676
0.2858448028564453
0.2834889888763428
0.28363800048828125
0.28267908096313477
0.2878427505493164
0.28280210494995117
0.2843451499938965
0.33093976974487305
0.28897714614868164
0.28246235847473145
0.9669971466064453
0.9769139289855957
1.0080015659332275
0.9851105213165283
1.0410001277923584
0.9880058765411377
1.0119998455047607
0.9869999885559082
1.0010008811950684
1.0245187282562256
1.0639984607696533
0.05499982833862305
0.026000261306762695
0.0260009765625
0.02499985694885254
0.025999784469604492
0.026001691818237305
0.022999286651611328
0.025000333786010742
0.02399897575378418
0.024999618530273438
0.026000022888183594
0.026000261306762695
0.02700042724609375
0.025000333786010742
0.024998903274536133
0.025000572204589844
0.023000240325927734
0.02899932861328125
0.02600264549255371
0.025000333786010742
0.024001598358154297
0.023998260498046875
0.02500009536743164
0.025998830795288086
0.026001930236816406
0.027001380920410156
0.026999473571777344
0.02599811553955078
0.026000499725341797
0.025999784469604492
0.02499842643737793
0.02700018882751465
0.02299976348876953
0.026000022888183594
0.028002023696899414
0.027997732162475586
0.026000261306762695
0.02599930763244629
0.02599954605102539
0.02599954605102539
0.026000022888183594
0.025000333786010742
0.02500152587890625
0.023998737335205078
0.02299976348876953
0.02499866485595703
0.02399730682373047
0.02299976348876953
0.02300119400024414
0.023000717163085938
0.025999784469604492
0.02299976348876953
0.024000167846679688
0.02499985694885254
0.0280001163482666
0.02500009536743164
0.02599954605102539
0.0260617733001709
0.026000261306762695
0.02499699592590332
0.025999784469604492
0.02599787712097168
0.026000261306762695
0.025000810623168945
0.025002002716064453
0.026514768600463867
0.0260007381439209
0.02599954605102539
0.02599811553955078
0.02599930763244629
0.026999473571777344
0.026000022888183594
0.026000499725341797
0.02599811553955078
0.024999618530273438
0.026999711990356445
0.02500009536743164
0.024999141693115234
0.02499985694885254
0.02599954605102539
0.026000022888183594
0.02499985694885254
0.025999069213867188
0.026000022888183594
0.0260007381439209
0.02700066566467285
0.026000261306762695
0.026000499725341797
0.025997638702392578
0.023000001907348633
0.023999929428100586
0.026000499725341797
0.02400040626525879
0.025000333786010742
0.0260007381439209
0.025999784469604492
0.02499985694885254
0.025997400283813477
0.02599954605102539
0.02499985694885254
0.02499985694885254
0.024000883102416992
0.02500009536743164
0.025999784469604492
0.023000001907348633
0.0260009765625
0.023999691009521484
0.025999784469604492
0.025999784469604492
0.026000499725341797
0.025999069213867188
0.02499985694885254
0.02500009536743164
0.025000333786010742
0.02599954605102539
0.025997161865234375
0.026000022888183594
0.02699732780456543
0.025999784469604492
0.02699899673461914
0.02299976348876953
0.02299809455871582
0.023000240325927734
0.024999380111694336
0.021998167037963867
0.02499985694885254
0.02500009536743164
0.03000020980834961
0.02599954605102539
0.026000022888183594
0.026000022888183594
0.02499842643737793
0.026000022888183594
0.026000022888183594
0.026000261306762695
0.024000167846679688
0.02799820899963379
0.026999711990356445
0.026000499725341797
0.02399921417236328
0.022997379302978516
0.022999286651611328
0.023999929428100586
0.02199864387512207
0.02500009536743164
0.023999452590942383
0.023000001907348633
0.02499985694885254
0.055999755859375
0.0260007381439209
0.026000022888183594
0.029000043869018555
0.025999784469604492
0.027001142501831055
0.02899909019470215
0.027997732162475586
0.02700066566467285
0.029000043869018555
0.0280001163482666
0.02699732780456543
0.026999711990356445
0.0279998779296875
0.0260007381439209
0.025003433227539062
0.028997421264648438
0.02700042724609375
0.025999784469604492
0.027999162673950195
0.0279996395111084
0.0279996395111084
0.024999618530273438
0.02900242805480957
0.026997804641723633
0.02699756622314453
0.029000520706176758
0.029000043869018555
0.026000261306762695
0.02602243423461914
0.02899956703186035
0.031000137329101562
0.0279998779296875
0.0260007381439209
0.02399921417236328
0.027998924255371094
0.028002500534057617
0.02699732780456543
0.0280001163482666
0.025999784469604492
0.027998924255371094
0.028999805450439453
0.02700209617614746
0.026997804641723633
0.029998779296875
0.02899956703186035
0.02500176429748535
0.02799820899963379
0.027997255325317383
0.02899765968322754
0.026998519897460938
0.026998281478881836
0.02799820899963379
0.0280001163482666
0.02899909019470215
0.026999711990356445
0.02699875831604004
0.0279998779296875
0.0279996395111084
0.026999950408935547
0.02500009536743164
0.0279996395111084
0.027002334594726562
0.031000375747680664
0.02599930763244629
0.0279998779296875
0.02899956703186035
0.02499985694885254
0.023999929428100586
0.029001712799072266
0.02599954605102539
0.02699899673461914
0.029000043869018555
0.028000831604003906
0.0279996395111084
0.02900075912475586
0.026999711990356445
0.02899909019470215
0.028000354766845703
0.026000261306762695
0.02499842643737793
0.0279998779296875
0.026999950408935547
0.02699732780456543
0.029001235961914062
0.029000043869018555
0.026998519897460938
0.02899789810180664
0.026999711990356445
0.0280001163482666
0.029000282287597656
0.0260007381439209
0.027000904083251953
0.02899956703186035
0.026999711990356445
0.026998281478881836
0.027999162673950195
0.02700042724609375
0.028000831604003906
0.02899956703186035
0.026999473571777344
0.027002573013305664
0.02600264549255371
0.027999162673950195
0.029000282287597656
0.0280001163482666
0.025000572204589844
0.0279998779296875
0.027997255325317383
0.025999784469604492
0.0280001163482666
0.029000043869018555
0.0279998779296875
0.025998353958129883
0.02499985694885254
0.02799820899963379
0.02999711036682129
0.0279998779296875
0.0260009765625
0.0279996395111084
0.028000354766845703
0.026999711990356445
0.02700018882751465
0.026998519897460938
0.0280001163482666
0.029000043869018555
0.025001049041748047
0.03099989891052246
0.0279998779296875
0.02899956703186035
0.026999473571777344
0.023999929428100586
0.024999141693115234
0.0279996395111084
0.027998924255371094
0.025999784469604492
0.031000137329101562
0.029000282287597656
0.025000572204589844
0.026999473571777344
0.028000831604003906
0.028000593185424805
0.027001380920410156
0.028000593185424805
0.027999401092529297
0.02700066566467285
0.025998830795288086
0.028002023696899414
0.02699732780456543
0.023998260498046875
0.027999162673950195
0.028999805450439453
0.026000261306762695
0.029000282287597656
0.029000520706176758
0.029001474380493164
0.025001049041748047
0.029999732971191406
0.028000831604003906
0.028001070022583008
0.02500128746032715
0.024999618530273438
0.029000282287597656
0.026000261306762695
0.02899765968322754
0.029000043869018555
0.027998685836791992
0.025999784469604492
0.029000282287597656
0.026999950408935547
0.027000904083251953
0.024998903274536133
0.02800154685974121
0.02700042724609375
0.02799820899963379
0.0279996395111084
0.0279998779296875
0.028000354766845703
0.023999452590942383
0.025999069213867188
0.029000282287597656
0.027004003524780273
0.02800273895263672
0.028003454208374023
0.028996706008911133
0.02699875831604004
0.02900242805480957
0.024000167846679688
0.024999141693115234
0.028000354766845703
0.027002573013305664
0.026997804641723633
0.0279996395111084
0.02899789810180664
0.028999805450439453
0.027002334594726562
0.026998043060302734
0.029000043869018555
0.025000333786010742
0.024997949600219727
0.028999805450439453
0.029000043869018555
0.029000282287597656
0.027001380920410156
0.029000520706176758
0.026000261306762695
0.026998281478881836
0.0279996395111084
0.026999950408935547
0.03000020980834961
0.028000354766845703
0.026000499725341797
0.028000831604003906
0.0279996395111084
0.02599811553955078
0.028002262115478516
0.028001785278320312
0.023998260498046875
0.0279996395111084
0.0279998779296875
0.026000022888183594
0.028001785278320312
0.03000020980834961
0.02400040626525879
0.028000354766845703
0.029000043869018555
0.028999805450439453
0.029000043869018555
0.026999950408935547
0.0280001163482666
0.028000593185424805
0.02500009536743164
0.02599954605102539
0.0279998779296875
0.027998685836791992
0.0280001163482666
0.02899909019470215
0.0279996395111084
0.028002262115478516
0.0279998779296875
0.025000333786010742
0.02700018882751465
0.0280001163482666
0.026000499725341797
0.02700042724609375
0.026998519897460938
0.029000043869018555
0.026000499725341797
0.025000333786010742
0.028999805450439453
0.0280001163482666
0.025997638702392578
0.027998685836791992
0.029000043869018555
0.024999380111694336
0.02599930763244629
0.029009103775024414
0.027001142501831055
0.029000282287597656
0.02700018882751465
0.026999473571777344
0.0279998779296875
0.024999618530273438
0.026999711990356445
0.02800130844116211
0.026000499725341797
0.028000831604003906
0.029000282287597656
0.024999618530273438
0.0279998779296875
0.029999971389770508
0.025999784469604492
0.028002500534057617
0.028000593185424805
0.02500176429748535
0.02700018882751465
0.027997493743896484
0.029009342193603516
0.026999950408935547
0.028000593185424805
0.0279998779296875
0.0279998779296875
0.026002168655395508
0.02599954605102539
0.029003143310546875
0.0279996395111084
0.026000022888183594
0.02699732780456543
0.028000354766845703
0.02599811553955078
0.027999401092529297
0.029000043869018555
0.024999141693115234
0.026999235153198242
0.028000831604003906
0.029000043869018555
0.026999950408935547
0.032000064849853516
0.026999950408935547
0.02499985694885254
0.02599811553955078
0.027998924255371094
0.027009010314941406
0.026999950408935547
0.02499985694885254
0.025998830795288086
0.029000282287597656
0.027000904083251953
0.02670454978942871
0.027999401092529297
0.02399730682373047
0.0280001163482666
0.027999401092529297
0.02700042724609375
0.030008316040039062
0.0280001163482666
0.029999732971191406
0.027999401092529297
0.023999929428100586
0.026999473571777344
0.028000354766845703
0.026000022888183594
0.026999235153198242
0.028000831604003906
0.024999618530273438
0.0280001163482666
0.029000043869018555
0.02899956703186035
0.029001712799072266
0.027997970581054688
0.0279996395111084
0.028000354766845703
0.024999618530273438
0.02700209617614746
0.028000354766845703
0.02700185775756836
0.028999805450439453
0.0279996395111084
0.025997400283813477
0.026998519897460938
0.0279996395111084
0.023999452590942383
0.02700066566467285
0.028000354766845703
0.026999950408935547
0.03000020980834961
0.02800154685974121
0.026999711990356445
0.026000499725341797
0.025996685028076172
0.0279998779296875
0.0279996395111084
0.026000499725341797
0.0280001163482666
0.02800130844116211
0.025000333786010742
0.0279996395111084
0.027999401092529297
0.025997638702392578
0.026997089385986328
0.026002168655395508
0.023999929428100586
0.026999950408935547
0.028999805450439453
0.027999401092529297
0.02499985694885254
0.026999473571777344
0.029000043869018555
0.02700352668762207
0.02599930763244629
0.02900981903076172
0.023999691009521484
0.027002334594726562
0.028999805450439453
0.025999784469604492
0.030999422073364258
0.0280001163482666
0.026000261306762695
0.0279998779296875
0.02799701690673828
0.025999784469604492
0.027999401092529297
0.028000831604003906
0.025997400283813477
0.029999971389770508
0.02700066566467285
0.0279998779296875
0.02900981903076172
0.02500009536743164
0.026999711990356445
0.029000043869018555
0.026999711990356445
0.026999473571777344
0.02700018882751465
0.026000022888183594
0.02599954605102539
0.026000022888183594
0.029000043869018555
0.02599930763244629
0.0279998779296875
0.02700066566467285
0.0260009765625
0.0299990177154541
0.02499985694885254
0.028000593185424805
0.0279998779296875
0.026000022888183594
0.0280001163482666
0.025999069213867188
0.026999235153198242
0.027999401092529297
0.02900099754333496
0.028000593185424805
0.029000282287597656
0.0260007381439209
0.028000354766845703
0.024997711181640625
0.023999691009521484
0.02700042724609375
0.02900075912475586
0.030001163482666016
0.028002262115478516
0.026009321212768555
0.02899932861328125
0.025999069213867188
0.023998260498046875
0.0279998779296875
0.029000043869018555
0.029001235961914062
0.027000904083251953
0.028999805450439453
0.027997970581054688
0.028000354766845703
0.02599954605102539
0.026997804641723633
0.02799820899963379
0.02599811553955078
0.0280001163482666
0.02899956703186035
0.029999256134033203
0.026999711990356445
0.0279998779296875
0.025998592376708984
0.025998353958129883
0.027000904083251953
0.0280001163482666
0.027000904083251953
0.02699899673461914
0.02900075912475586
0.02599954605102539
0.02799820899963379
0.026000261306762695
0.0260007381439209
0.027999162673950195
0.028999805450439453
0.025998592376708984
0.026999950408935547
0.02699899673461914
0.023998498916625977
0.029999732971191406
0.02699899673461914
0.03000020980834961
0.02700042724609375
0.025999784469604492
0.02700042724609375
0.0279998779296875
0.0280001163482666
0.026000261306762695
0.026998519897460938
0.0279998779296875
0.026999950408935547
0.0279998779296875
0.028000593185424805
0.0299985408782959
0.028999805450439453
0.026999711990356445
0.02599954605102539
0.0280001163482666
0.027997970581054688
0.025998592376708984
0.026999711990356445
0.0279998779296875
0.029000043869018555
0.027000904083251953
0.026998281478881836
0.027998924255371094
0.027001142501831055
0.026998281478881836
0.028998851776123047
0.026000022888183594
0.024998188018798828
0.028001785278320312
0.028999805450439453
0.025998592376708984
0.02699732780456543
0.024998903274536133
0.02599954605102539
0.0280001163482666
0.0279998779296875
0.025998353958129883
0.029001474380493164
0.02599930763244629
0.026000022888183594
0.027998685836791992
0.0280001163482666
0.028000354766845703
0.02699899673461914
0.028000593185424805
0.023998737335205078
0.02700018882751465
0.0279998779296875
0.0299990177154541
0.02900075912475586
0.026000022888183594
0.0280001163482666
0.02803945541381836
0.02599811553955078
0.03000044822692871
0.025998830795288086
0.026998043060302734
0.025999069213867188
0.025000810623168945
0.028001070022583008
0.025000333786010742
0.026999711990356445
0.029000520706176758
0.02700066566467285
0.02800154685974121
0.0280001163482666
0.025000572204589844
0.026998281478881836
0.027997970581054688
0.026999473571777344
0.0280001163482666
0.026000022888183594
0.028999805450439453
0.0279996395111084
0.027001380920410156
0.027999162673950195
0.02699756622314453
0.02599811553955078
0.0280001163482666
0.029000043869018555
0.027001142501831055
0.0279998779296875
0.02899765968322754
0.026000022888183594
0.02500009536743164
0.026999950408935547
0.028000593185424805
0.027001380920410156
0.025999069213867188
0.025998592376708984
0.02900075912475586
0.02599930763244629
0.026999950408935547
0.026998519897460938
0.025998830795288086
0.024998188018798828
0.025998830795288086
0.02900075912475586
0.02900099754333496
0.025999069213867188
0.029000282287597656
0.026000022888183594
0.026999950408935547
0.0280001163482666
0.029000043869018555
0.029000043869018555
0.026998281478881836
0.025998830795288086
0.029999732971191406
0.02500009536743164
0.02700018882751465
0.028999805450439453
0.02900075912475586
0.026999235153198242
0.026000261306762695
0.02799820899963379
0.02599954605102539
0.026998281478881836
0.029000520706176758
0.02599954605102539
0.027999162673950195
0.026000261306762695
0.031001806259155273
0.02799844741821289
0.02700042724609375
0.02599954605102539
0.023999452590942383
0.029000282287597656
0.027998685836791992
0.02700018882751465
0.026000499725341797
0.02899956703186035
0.028998851776123047
0.02700042724609375
0.0280001163482666
0.026000499725341797
0.027001380920410156
0.029001712799072266
0.025998353958129883
0.027998685836791992
0.024997711181640625
0.025998830795288086
0.02500009536743164
0.0279998779296875
0.0279998779296875
0.025999069213867188
0.027999401092529297
0.0280001163482666
0.029999971389770508
0.030001401901245117
0.025999069213867188
0.027997970581054688
0.0280001163482666
0.02599787712097168
0.029000043869018555
0.026998043060302734
0.0279998779296875
0.026999473571777344
0.02599954605102539
0.025999784469604492
0.026998519897460938
0.026999711990356445
0.025998592376708984
0.026000499725341797
0.0280001163482666
0.0279998779296875
0.027999162673950195
0.026997804641723633
0.027998685836791992
0.02700042724609375
0.029000282287597656
0.0280001163482666
0.026998519897460938
0.027998924255371094
0.026999711990356445
0.025998592376708984
0.026998519897460938
0.029001712799072266
0.027002573013305664
0.029000282287597656
0.025999784469604492
0.025999069213867188
0.028000831604003906
0.029000043869018555
0.025998592376708984
0.026999473571777344
0.02599954605102539
0.02700018882751465
0.027998685836791992
0.025998592376708984
0.02899956703186035
0.026000261306762695
0.027000904083251953
0.025998353958129883
0.029001235961914062
0.027000904083251953
0.027998685836791992
0.026000261306762695
0.0280001163482666
0.026998043060302734
0.029000043869018555
0.025998830795288086
0.026998281478881836
0.0279996395111084
0.02700066566467285
0.026999711990356445
0.028999805450439453
0.026999473571777344
0.025997400283813477
0.027001380920410156
0.025999069213867188
0.0280001163482666
0.027997732162475586
0.02899956703186035
0.02700018882751465
0.025998353958129883
0.0279998779296875
0.025998830795288086
0.029001474380493164
0.02799820899963379
0.025999784469604492
0.026999711990356445
0.02599954605102539
0.024999141693115234
0.026998281478881836
0.027999162673950195
0.025998592376708984
0.02699875831604004
0.027999162673950195
0.024999618530273438
0.026998519897460938
0.027998924255371094
0.02599930763244629
0.028998851776123047
0.027998685836791992
0.026000261306762695
0.02699899673461914
0.02599954605102539
0.025998592376708984
0.0279996395111084
0.0279996395111084
0.02700042724609375
0.026000261306762695
0.0280001163482666
0.029000043869018555
0.026000022888183594
0.02599787712097168
0.024998188018798828
0.025998830795288086
0.0280001163482666
0.0279998779296875
0.026000022888183594
0.02499866485595703
0.02599811553955078
0.02799820899963379
0.0279998779296875
0.026997804641723633
0.025998592376708984
0.02700018882751465
0.025999784469604492
0.02500128746032715
0.026999473571777344
0.02799844741821289
0.026000022888183594
0.027999162673950195
0.02599954605102539
0.0260007381439209
0.02700066566467285
0.02799820899963379
0.029000043869018555
0.02700018882751465
0.0279996395111084
0.027001142501831055
0.025998830795288086
0.026998519897460938
0.02899956703186035
0.025999784469604492
0.02699875831604004
0.02700018882751465
0.026999950408935547
0.02599811553955078
0.027999162673950195
0.026000022888183594
0.02799844741821289
0.026000261306762695
0.026999950408935547
0.026997804641723633
0.029001235961914062
0.025999069213867188
0.0280001163482666
0.02599930763244629
0.027001142501831055
0.0279996395111084
0.0280001163482666
0.026999473571777344
0.026999473571777344
0.02599954605102539
0.027001380920410156
0.026998281478881836
0.029000282287597656
0.02700018882751465
0.028000354766845703
0.029000282287597656
0.030001163482666016
0.027999401092529297
0.02499985694885254
0.025998592376708984
0.025999069213867188
0.0279996395111084
0.025998830795288086
0.027001142501831055
0.024997949600219727
0.026000022888183594
0.02699875831604004
0.0280001163482666
0.0279998779296875
0.02700042724609375
0.0280001163482666
0.02899909019470215
0.02700042724609375
0.025999069213867188
0.0279998779296875
0.02700042724609375
0.0279998779296875
0.025999069213867188
0.024998903274536133
0.026999473571777344
0.026999711990356445
0.027999162673950195
0.0279998779296875
0.02900099754333496
0.028999805450439453
0.02699875831604004
0.025999784469604492
0.02700042724609375
0.028999805450439453
0.027997970581054688
0.025999069213867188
0.026998519897460938
0.027998685836791992
0.028998374938964844
0.024997711181640625
0.027999401092529297
0.026999473571777344
0.0279998779296875
0.028000593185424805
0.02599954605102539
0.0280001163482666
0.028000593185424805
0.0280001163482666
0.027998924255371094
0.026999950408935547
0.028998613357543945
0.02599954605102539
0.02700066566467285
0.027999401092529297
0.027998685836791992
0.025999784469604492
0.02499985694885254
0.02700018882751465
0.02700018882751465
0.02899956703186035
0.026999711990356445
0.029000520706176758
0.026999950408935547
0.024999141693115234
0.0279998779296875
0.028998136520385742
0.027998685836791992
0.028001070022583008
0.026000261306762695
0.027999401092529297
0.02700066566467285
0.0279996395111084
0.02899932861328125
0.0279996395111084
0.023998498916625977
0.029000043869018555
0.02700018882751465
0.0279998779296875
0.02799844741821289
0.02700018882751465
0.02499842643737793
0.0280001163482666
0.025998353958129883
0.027999162673950195
0.028000354766845703
0.026999711990356445
0.027998924255371094
0.0260012149810791
0.02799820899963379
0.027000904083251953
0.02699899673461914
0.029000282287597656
0.027001142501831055
0.023998737335205078
0.025999784469604492
0.026999473571777344
0.02699875831604004
0.030001163482666016
0.02699899673461914
0.028000354766845703
0.02700066566467285
0.02500009536743164
0.026999950408935547
0.025998830795288086
0.027998924255371094
0.0280001163482666
0.027999162673950195
0.0280001163482666
0.02599930763244629
0.02799820899963379
0.029001235961914062
0.025999069213867188
0.0280001163482666
0.026000022888183594
0.026998519897460938
0.02899909019470215
0.02700018882751465
0.02599930763244629
0.028999805450439453
0.029000282287597656
0.026999950408935547
0.02500009536743164
0.026998519897460938
0.02999567985534668
0.023998022079467773
0.028000831604003906
0.027999401092529297
0.02699875831604004
0.0280001163482666
0.027999162673950195
0.02899909019470215
0.029000043869018555
0.02700018882751465
0.02700018882751465
0.029999494552612305
0.026998043060302734
0.0279998779296875
0.02499985694885254
0.02699899673461914
0.027997493743896484
0.026000022888183594
0.025996923446655273
0.027998685836791992
0.02500009536743164
0.02699899673461914
0.0279998779296875
0.02599811553955078
0.027000904083251953
0.027999162673950195
0.02799820899963379
0.02500009536743164
0.029000043869018555
0.029000043869018555
0.027000904083251953
0.027999401092529297
0.028999805450439453
0.02900099754333496
0.023998498916625977
0.0279998779296875
0.027999162673950195
0.029000043869018555
0.025999784469604492
0.029999494552612305
0.026000022888183594
0.0279996395111084
0.0279998779296875
0.02499842643737793
0.028000354766845703
0.027997970581054688
0.029000043869018555
0.023998498916625977
0.02700018882751465
0.029000282287597656
0.027001142501831055
0.026998281478881836
0.02699899673461914
0.023998260498046875
0.028000831604003906
0.0279998779296875
0.02700042724609375
0.029999732971191406
0.027999401092529297
0.023999691009521484
0.027998685836791992
0.027999401092529297
0.026000022888183594
0.026998519897460938
0.0279998779296875
0.024999380111694336
0.029998302459716797
0.023999691009521484
0.0279998779296875
0.027998924255371094
0.025998592376708984
0.028000354766845703
0.029000043869018555
0.051001548767089844
0.02599954605102539
0.02599930763244629
0.026999950408935547
0.02500152587890625
0.026000022888183594
0.023999929428100586
0.023999929428100586
0.025999784469604492
0.022997617721557617
0.026000261306762695
0.027997493743896484
0.023999929428100586
0.025999784469604492
0.023999929428100586
0.02299785614013672
0.02599954605102539
0.02599811553955078
0.02499985694885254
0.026000499725341797
0.026000499725341797
0.0250093936920166
0.025999784469604492
0.02601933479309082
0.024024009704589844
0.026000499725341797
0.024008989334106445
0.023999452590942383
0.0260012149810791
0.02500009536743164
0.023998498916625977
0.0279996395111084
0.024999618530273438
0.025002479553222656
0.023999929428100586
0.02599954605102539
0.02799820899963379
0.026000022888183594
0.0260012149810791
0.024001359939575195
0.024000167846679688
0.026000022888183594
0.02700042724609375
0.025999784469604492
0.02499985694885254
0.026000022888183594
0.024999618530273438
0.026000261306762695
0.02700018882751465
0.024999141693115234
0.025000572204589844
0.023999929428100586
0.024000167846679688
0.02400040626525879
0.026999473571777344
0.02599954605102539
0.024998188018798828
0.024999618530273438
0.025000333786010742
0.024000167846679688
0.02499985694885254
0.026001453399658203
0.0260007381439209
0.02499842643737793
0.023995161056518555
0.023996829986572266
0.026000022888183594
0.023999691009521484
0.026999235153198242
0.025999784469604492
0.02499866485595703
0.02499866485595703
0.024999380111694336
0.025998353958129883
0.0260009765625
0.026999950408935547
0.02499866485595703
0.02399897575378418
0.02500009536743164
0.025000333786010742
0.025002002716064453
0.0260007381439209
0.0260009765625
0.023999452590942383
0.02400064468383789
0.027002334594726562
0.02599954605102539
0.02700066566467285
0.026000022888183594
0.023997783660888672
0.02500176429748535
0.02499985694885254
0.02499866485595703
0.024001598358154297
0.026000022888183594
0.024000167846679688
0.023000478744506836
0.025000333786010742
0.025000333786010742
0.026001453399658203
0.026070594787597656
0.024933815002441406
0.023998737335205078
0.025999784469604492
0.02599954605102539
0.02500128746032715
0.02600240707397461
0.025997161865234375
0.025998830795288086
0.02599811553955078
0.023998260498046875
0.025998353958129883
0.027001142501831055
0.02500152587890625
0.023998022079467773
0.02499985694885254
0.02699756622314453
0.026000022888183594
0.023999452590942383
0.028000593185424805
0.02499985694885254
0.025000572204589844
0.023999691009521484
0.025996923446655273
0.023999691009521484
0.024000167846679688
0.023999452590942383
0.02599787712097168
0.02499985694885254
0.025999784469604492
0.02700018882751465
0.025999784469604492
0.025000572204589844
0.025998830795288086
0.023999691009521484
0.023000478744506836
0.025998592376708984
0.02500009536743164
0.025002241134643555
0.0260007381439209
0.02599930763244629
0.025999784469604492
0.023999452590942383
0.024000167846679688
0.024001359939575195
0.02599954605102539
0.024000167846679688
0.027001142501831055
0.026999711990356445
0.026000261306762695
0.02700185775756836
0.023999929428100586
0.023998260498046875
0.02400040626525879
0.024001359939575195
0.026000499725341797
0.02599954605102539
0.028000831604003906
0.024999618530273438
0.0260007381439209
0.02499842643737793
0.02499985694885254
0.02499842643737793
0.024002790451049805
0.02500176429748535
0.025999784469604492
0.02700018882751465
0.02599954605102539
0.026999473571777344
0.025999069213867188
0.02400040626525879
0.024001598358154297
0.023999929428100586
0.024001121520996094
0.023000717163085938
0.023999452590942383
0.024998903274536133
0.024999618530273438
0.02400040626525879
0.03899955749511719
0.025997638702392578
0.02599811553955078
0.02400040626525879
0.0260007381439209
0.02700066566467285
0.024000883102416992
0.025998353958129883
0.026999711990356445
0.024999380111694336
0.025999784469604492
0.025999784469604492
0.02599811553955078
0.023999691009521484
0.026998519897460938
0.02499985694885254
0.024999618530273438
0.02499985694885254
0.02499985694885254
0.025001049041748047
0.025999069213867188
0.02599954605102539
0.023999929428100586
0.024000167846679688
0.023999691009521484
0.026000261306762695
0.023999929428100586
0.02599930763244629
0.025999784469604492
0.02499985694885254
0.025999069213867188
0.025002002716064453
0.025000810623168945
0.026999950408935547
0.0279996395111084
0.024999380111694336
0.02499985694885254
0.02499866485595703
0.025000572204589844
0.02500009536743164
0.025999784469604492
0.026000022888183594
0.02400040626525879
0.024000167846679688
0.025999784469604492
0.025999069213867188
0.026000261306762695
0.026001930236816406
0.024997949600219727
0.024000167846679688
0.025998830795288086
0.02499532699584961
0.024000883102416992
0.02400064468383789
0.024999618530273438
0.025002479553222656
0.02400064468383789
0.02599930763244629
0.023999452590942383
0.026000499725341797
0.02599954605102539
0.02599954605102539
0.02700018882751465
0.02400040626525879
0.025000333786010742
0.025002717971801758
0.02499985694885254
0.02700018882751465
0.027999162673950195
0.025999784469604492
0.024997234344482422
0.02500009536743164
0.025000810623168945
0.023999452590942383
0.026001453399658203
0.025999784469604492
0.025999784469604492
0.02800130844116211
0.026002168655395508
0.02700018882751465
0.025000333786010742
0.023998737335205078
0.026999950408935547
0.02599930763244629
0.025998830795288086
0.025999784469604492
0.025999784469604492
0.025002002716064453
0.026000261306762695
0.026999950408935547
0.0240023136138916
0.025000572204589844
0.026000261306762695
0.02499985694885254
0.02699756622314453
0.024001121520996094
0.024000167846679688
0.023999691009521484
0.026000022888183594
0.02500128746032715
0.026998519897460938
0.02700066566467285
0.023999691009521484
0.024000167846679688
0.024001359939575195
0.0260009765625
0.025997400283813477
0.023997783660888672
0.026004314422607422
0.02799844741821289
0.027000904083251953
0.025997400283813477
0.0240020751953125
0.024000167846679688
0.023000478744506836
0.02399921417236328
0.02400040626525879
0.02599930763244629
0.02700018882751465
0.02299976348876953
0.02599954605102539
0.02399921417236328
0.024000167846679688
0.023999691009521484
0.023000240325927734
0.025998830795288086
0.02799844741821289
0.030000925064086914
0.025999069213867188
0.0260009765625
0.026000022888183594
0.02500009536743164
0.02500009536743164
0.02700018882751465
0.02299809455871582
0.02451157569885254
0.025000572204589844
0.025999069213867188
0.025999784469604492
0.026001453399658203
0.02700042724609375
0.024001121520996094
0.025999069213867188
0.025029420852661133
0.026001691818237305
0.025000333786010742
0.025962114334106445
0.024965763092041016
0.024999618530273438
0.024998188018798828
0.0260007381439209
0.02700042724609375
0.026000261306762695
0.02700042724609375
0.025998830795288086
0.025002241134643555
0.025999784469604492
0.024000167846679688
0.023999929428100586
0.023999691009521484
0.023999691009521484
0.02600240707397461
0.024999141693115234
0.02700066566467285
0.026000499725341797
0.026999711990356445
0.025999784469604492
0.0260009765625
0.025998830795288086
0.02599954605102539
0.025000810623168945
0.024000167846679688
0.02700209617614746
0.028000831604003906
0.024999380111694336
0.02500009536743164
0.027999401092529297
0.02699732780456543
0.025000810623168945
0.02500009536743164
0.025999784469604492
0.02500009536743164
0.025000572204589844
0.030012130737304688
0.02399921417236328
0.02599954605102539
0.023998498916625977
0.025000572204589844
0.024997711181640625
0.025002241134643555
0.025000572204589844
0.025001049041748047
0.024999618530273438
0.024000167846679688
0.023998260498046875
0.02299976348876953
0.026003360748291016
0.02500009536743164
0.022999286651611328
0.025999784469604492
0.0260009765625
0.02499866485595703
0.025999069213867188
0.026000261306762695
0.025999784469604492
0.023999691009521484
0.023999929428100586
0.024997234344482422
0.02499842643737793
0.02499985694885254
0.024998188018798828
0.025998830795288086
0.026000261306762695
0.0260007381439209
0.024001121520996094
0.02299976348876953
0.024999618530273438
0.026000022888183594
0.024998903274536133
0.0260007381439209
0.025999069213867188
0.025998353958129883
0.026000022888183594
0.025995731353759766
0.02696990966796875
0.02599954605102539
0.025998353958129883
0.02599930763244629
0.02599811553955078
0.025999784469604492
0.02596735954284668
0.025000333786010742
0.025999784469604492
0.024987459182739258
0.025000333786010742
0.026000261306762695
0.026001453399658203
0.025998592376708984
0.0260009765625
0.024999618530273438
0.023961782455444336
0.025997400283813477
0.02603745460510254
0.02499842643737793
0.02899765968322754
0.024031639099121094
0.023998022079467773
0.022997617721557617
0.025998353958129883
0.025998353958129883
0.024962663650512695
0.02399897575378418
0.026000022888183594
0.02399921417236328
0.025035619735717773
0.024999618530273438
0.024998903274536133
0.024997949600219727
0.027002334594726562
0.025000333786010742
0.026000022888183594
0.02599954605102539
0.02599787712097168
0.02596449851989746
0.026000261306762695
0.025029897689819336
0.026021242141723633
0.025996923446655273
0.025998592376708984
0.025997638702392578
0.026000022888183594
0.0260012149810791
0.024999380111694336
0.02499866485595703
0.023999929428100586
0.024028778076171875
0.024970054626464844
0.02396702766418457
0.026998519897460938
0.025969743728637695
0.026000499725341797
0.02700042724609375
0.02396535873413086
0.02496480941772461
0.023997068405151367
0.025998830795288086
0.02403426170349121
0.027001619338989258
0.025001049041748047
0.02600240707397461
0.026001453399658203
0.026037931442260742
0.025999069213867188
0.02499699592590332
0.023996591567993164
0.023006916046142578
0.025028705596923828
0.024998903274536133
0.026001691818237305
0.026002168655395508
0.026035308837890625
0.023998737335205078
0.022996902465820312
0.024000167846679688
0.024964332580566406
0.024000167846679688
0.024997234344482422
0.025028467178344727
0.025000333786010742
0.024999141693115234
0.023999929428100586
0.023037433624267578
0.02700018882751465
0.030000686645507812
0.024999618530273438
0.023999929428100586
0.02299952507019043
0.02700066566467285
0.022965431213378906
0.024998188018798828
0.026000022888183594
0.026000022888183594
0.02599811553955078
0.025996923446655273
0.026000499725341797
0.025999784469604492
0.026001453399658203
0.025997400283813477
0.025972366333007812
0.025998353958129883
0.026029109954833984
0.025998830795288086
0.024997949600219727
0.02699565887451172
0.025998353958129883
0.02499675750732422
0.025997638702392578
0.025998353958129883
0.025969266891479492
0.025968313217163086
0.025969743728637695
0.024964332580566406
0.024002552032470703
0.026999473571777344
0.025998830795288086
0.02502918243408203
0.02700042724609375
0.0260012149810791
0.023999452590942383
0.023000717163085938
0.02599811553955078
0.02499842643737793
0.026000022888183594
0.025998830795288086
0.025999069213867188
0.02499866485595703
0.026029109954833984
0.027000904083251953
0.02599930763244629
0.025998592376708984
0.0260012149810791
0.0260012149810791
0.02500009536743164
0.025999784469604492
0.024001121520996094
0.02299785614013672
0.02303767204284668
0.023000478744506836
0.025999069213867188
0.025999784469604492
0.03299975395202637
0.025998353958129883
0.025998353958129883
0.02800130844116211
0.02700042724609375
0.0260009765625
0.026000261306762695
0.028999805450439453
0.029000043869018555
0.027000904083251953
0.025998830795288086
0.026001930236816406
0.0260012149810791
0.024999380111694336
0.025002002716064453
0.023998737335205078
0.023998498916625977
0.025999784469604492
0.023999691009521484
0.026000022888183594
0.0260009765625
0.02599930763244629
0.026000022888183594
0.02500152587890625
0.0260007381439209
0.025999069213867188
0.026000022888183594
0.025000810623168945
0.024999380111694336
0.023999929428100586
0.022998332977294922
0.026000499725341797
0.024000167846679688
0.025999784469604492
0.02599954605102539
0.026000499725341797
0.02699732780456543
0.025000810623168945
0.02700042724609375
0.02500128746032715
0.024001359939575195
0.023000001907348633
0.023999929428100586
0.026000022888183594
0.024001359939575195
0.02699899673461914
0.02499985694885254
0.025998353958129883
0.02599954605102539
0.026000022888183594
0.02500128746032715
0.024998188018798828
0.023000001907348633
0.023000478744506836
0.02500176429748535
0.026999711990356445
0.024998903274536133
0.026000499725341797
0.026000022888183594
0.0260007381439209
0.02500009536743164
0.0250089168548584
0.02699899673461914
0.02599930763244629
0.0260007381439209
0.02400064468383789
0.024000167846679688
0.023998260498046875
0.02700066566467285
0.02599954605102539
0.02599954605102539
0.026000499725341797
0.024998903274536133
0.025997638702392578
0.0260007381439209
0.0260009765625
0.025998353958129883
0.02499842643737793
0.026001930236816406
0.023998737335205078
0.02700066566467285
0.02400040626525879
0.025000810623168945
0.024999618530273438
0.02799820899963379
0.026000261306762695
0.026000261306762695
0.025998830795288086
0.024999141693115234
0.026000022888183594
0.025000333786010742
0.024999618530273438
0.02599644660949707
0.026999711990356445
0.025999069213867188
0.024000167846679688
0.02599930763244629
0.023997068405151367
0.02500176429748535
0.022998571395874023
0.024999380111694336
0.02500176429748535
0.025000572204589844
0.02500176429748535
0.026000499725341797
0.025999784469604492
0.0260007381439209
0.026002883911132812
0.02700018882751465
0.025999784469604492
0.02600240707397461
0.025999784469604492
0.026000261306762695
0.024002552032470703
0.023999929428100586
0.022997617721557617
0.024999380111694336
0.02599954605102539
0.026000261306762695
0.026000499725341797
0.023999691009521484
0.025999784469604492
0.023998022079467773
0.02500009536743164
0.02299785614013672
0.024001598358154297
0.025998592376708984
0.02599954605102539
0.026000499725341797
0.025997638702392578
0.02700042724609375
0.024999380111694336
0.02599787712097168
0.0260007381439209
0.02499985694885254
0.02399897575378418
0.022998809814453125
0.021999597549438477
0.026000022888183594
0.024000883102416992
0.02599954605102539
0.027002573013305664
0.025999784469604492
0.026001691818237305
0.0260012149810791
0.02599954605102539
0.02599930763244629
0.024998903274536133
0.02400040626525879
0.023000240325927734
0.02499985694885254
0.023000001907348633
0.025000810623168945
0.024997711181640625
0.023999929428100586
0.02499699592590332
0.023999691009521484
0.023999929428100586
0.02399921417236328
0.02499985694885254
0.026000499725341797
0.02499866485595703
0.026000022888183594
0.026001453399658203
0.02599811553955078
0.025000333786010742
0.02500176429748535
0.022997617721557617
0.02299976348876953
0.025000572204589844
0.023997783660888672
0.02600240707397461
0.024999141693115234
0.025000333786010742
0.025000810623168945
0.02599954605102539
0.02599787712097168
0.025999784469604492
0.02700042724609375
0.02599930763244629
0.026000022888183594
0.02500009536743164
0.025000810623168945
0.023999691009521484
0.02399754524230957
0.024999380111694336
0.023998737335205078
0.0260012149810791
0.026001691818237305
0.025998830795288086
0.02599954605102539
0.02500152587890625
0.024997711181640625
0.023999929428100586
0.024000167846679688
0.026000261306762695
0.025000333786010742
0.025998830795288086
0.024999380111694336
0.026000022888183594
0.02700018882751465
0.025000333786010742
0.025997638702392578
0.02500009536743164
0.023000478744506836
0.02500009536743164
0.026001930236816406
0.025997400283813477
0.02599811553955078
0.026000261306762695
0.025000333786010742
0.025002479553222656
0.026999235153198242
0.025000333786010742
0.026000261306762695
0.024998188018798828
0.025999784469604492
0.02700042724609375
0.022999048233032227
0.02500152587890625
0.02599930763244629
0.025000333786010742
0.026000261306762695
0.026000261306762695
0.026000499725341797
0.026000022888183594
0.026000022888183594
0.025999784469604492
0.025999784469604492
0.02599930763244629
0.024999380111694336
0.026001930236816406
0.02700042724609375
0.02500128746032715
0.026001930236816406
0.022997617721557617
0.02500009536743164
0.0240020751953125
0.023000240325927734
0.026000022888183594
0.026000261306762695
0.026002168655395508
0.025997638702392578
0.026000261306762695
0.02599954605102539
0.023000001907348633
0.025998830795288086
0.026000499725341797
0.026000499725341797
0.027045726776123047
0.026000022888183594
0.0260012149810791
0.025995969772338867
0.02400040626525879
0.023000478744506836
0.025001049041748047
0.025999784469604492
0.026000499725341797
0.02599954605102539
0.026999235153198242
0.02599477767944336
0.027997970581054688
0.025999784469604492
0.0260007381439209
0.028000354766845703
0.02500128746032715
0.02399921417236328
0.026000499725341797
0.026001930236816406
0.02599811553955078
0.02701091766357422
0.026987552642822266
0.026000022888183594
0.02499985694885254
0.025002002716064453
0.026000022888183594
0.0260007381439209
0.025999784469604492
0.02600264549255371
0.026021480560302734
0.025998592376708984
0.026000261306762695
0.025002002716064453
0.026146650314331055
0.0260012149810791
0.024999380111694336
0.026012182235717773
0.026000261306762695
0.027002811431884766
0.02700018882751465
0.02409529685974121
0.02400040626525879
0.022996187210083008
0.02804088592529297
0.024000167846679688
0.025999784469604492
0.02605891227722168
0.026000261306762695
0.02599954605102539
0.026001930236816406
0.02599811553955078
0.021999359130859375
0.025000572204589844
0.023001909255981445
0.023998737335205078
0.023000240325927734
0.02600550651550293
0.02399921417236328
0.02399921417236328
0.02383732795715332
0.022998809814453125
0.022996902465820312
0.022892475128173828
0.026999711990356445
0.023999691009521484
0.02499985694885254
0.02500009536743164
0.023998022079467773
0.025955915451049805
0.02599930763244629
0.025999784469604492
0.027999401092529297
0.02395772933959961
0.024000167846679688
0.023000001907348633
0.023000240325927734
0.024998188018798828
0.02502727508544922
0.024997711181640625
0.026000022888183594
0.025998353958129883
0.026002168655395508
0.025998353958129883
0.02501654624938965
0.0240018367767334
0.022997379302978516
0.023999691009521484
0.02299976348876953
0.023999929428100586
0.026999473571777344
0.026001691818237305
0.025999069213867188
0.02599954605102539
0.026000022888183594
0.026996612548828125
0.0260012149810791
0.026999711990356445
0.026146650314331055
0.026000022888183594
0.025002241134643555
0.026001691818237305
0.02700018882751465
0.0280001163482666
0.026003360748291016
0.025999784469604492
0.02599930763244629
0.024999618530273438
0.026000261306762695
0.023004531860351562
0.02599811553955078
0.024000883102416992
0.023000240325927734
0.02599930763244629
0.024997472763061523
0.026000022888183594
0.026000499725341797
0.025995254516601562
0.0260012149810791
0.025998830795288086
0.0260012149810791
0.023000240325927734
0.024999618530273438
0.023999691009521484
0.024999141693115234
0.0240020751953125
0.023999929428100586
0.02299809455871582
0.023999452590942383
0.022998571395874023
0.023000478744506836
0.02500009536743164
0.02300405502319336
0.02599954605102539
0.026000022888183594
0.027000904083251953
0.026000022888183594
0.02700018882751465
0.026000499725341797
0.0279998779296875
0.026000022888183594
0.026000261306762695
0.026000022888183594
0.02700042724609375
0.02899789810180664
0.026000022888183594
0.025999784469604492
0.0280001163482666
0.02599811553955078
0.026000022888183594
0.024999618530273438
0.023000001907348633
0.02699875831604004
0.024999380111694336
0.023999691009521484
0.0260007381439209
0.023999691009521484
0.02400040626525879
0.025000333786010742
0.025998830795288086
0.026000261306762695
0.025999784469604492
0.0260009765625
