3.905876874923706
3.8216841220855713
3.5446858406066895
3.620857000350952
3.681887149810791
3.600996971130371
3.649651050567627
3.471993923187256
3.5567948818206787
3.6674129962921143
3.4913370609283447
3.505263090133667
3.499748706817627
3.4951701164245605
3.510084867477417
3.5083909034729004
3.522203207015991
3.499795913696289
3.540118932723999
3.5133280754089355
3.495013952255249
3.5013701915740967
3.504546642303467
3.5027427673339844
3.5058460235595703
3.496661901473999
3.511136054992676
3.508526086807251
3.502561092376709
3.5138180255889893
3.521620035171509
3.5102059841156006
3.529339075088501
3.504551887512207
3.500446081161499
3.7300050258636475
3.537538766860962
3.4980039596557617
3.490902900695801
3.4952290058135986
3.4973559379577637
3.4934029579162598
3.4910149574279785
3.496752977371216
3.491676092147827
3.48954701423645
3.4858288764953613
3.4894282817840576
3.4817779064178467
3.4957237243652344
3.488614797592163
3.4898900985717773
3.4921278953552246
3.511136054992676
3.499246835708618
3.500161647796631
3.5001912117004395
3.495905876159668
3.4921469688415527
3.531834125518799
3.5493390560150146
3.5145621299743652
3.5120949745178223
3.4962801933288574
3.5031650066375732
3.529250144958496
3.50014591217041
3.507061004638672
3.5061731338500977
3.500985860824585
3.4968068599700928
3.510507106781006
3.5129430294036865
3.4956040382385254
3.516211986541748
3.505547046661377
3.5338029861450195
3.5056440830230713
3.519212007522583
3.513969898223877
3.549241065979004
3.5071048736572266
3.5013351440429688
3.5033721923828125
3.507228136062622
3.507460117340088
3.5552010536193848
3.499159097671509
3.5087223052978516
3.5061380863189697
3.5136148929595947
3.5016987323760986
3.5313949584960938
3.504728078842163
3.516402006149292
3.520409107208252
3.6067819595336914
3.572472095489502
3.585545063018799
3.5570449829101562
3.4958322048187256
3.4929211139678955
3.492163896560669
3.501298189163208
3.494149923324585
3.512115240097046
3.5102972984313965
3.51076078414917
3.9659059047698975
3.5702991485595703
3.473174810409546
11.320530891418457
12.345127582550049
12.497238159179688
12.467005014419556
12.451011419296265
12.405999898910522
0.3130006790161133
0.3059990406036377
0.30699992179870605
0.30600953102111816
0.31100010871887207
0.30900025367736816
0.3080005645751953
0.3059988021850586
0.3079988956451416
0.3169999122619629
0.3099970817565918
0.31100010871887207
0.3059990406036377
0.3079986572265625
0.3170003890991211
0.3080000877380371
0.30699920654296875
0.3110008239746094
0.3129997253417969
0.317000150680542
0.3430001735687256
0.32700061798095703
0.30899763107299805
0.30899977684020996
0.30899953842163086
0.3120005130767822
0.3230001926422119
0.30900001525878906
0.3119981288909912
0.3100011348724365
0.3079986572265625
0.31099987030029297
0.307999849319458
0.30900001525878906
0.3079981803894043
0.30700063705444336
0.3079347610473633
0.30700016021728516
0.307999849319458
0.3080024719238281
0.3079993724822998
0.30899977684020996
0.3149983882904053
0.30899786949157715
0.30899930000305176
0.31099963188171387
0.3059999942779541
0.3100006580352783
0.30700063705444336
0.30699992179870605
0.30899953842163086
0.3080015182495117
0.3080005645751953
0.3079981803894043
0.3080000877380371
0.3079996109008789
0.30899739265441895
0.3060004711151123
0.3079996109008789
0.30700016021728516
0.3080103397369385
0.30900025367736816
0.30699968338012695
0.30900049209594727
0.3119990825653076
0.3060002326965332
0.3080017566680908
0.31100010871887207
0.3099992275238037
0.3099992275238037
0.30900025367736816
0.30700063705444336
0.309999942779541
0.31799864768981934
0.31206512451171875
0.3099992275238037
0.30700016021728516
0.3079979419708252
0.30900120735168457
0.3079986572265625
0.3099997043609619
0.30699872970581055
0.307997465133667
0.30750536918640137
0.305999755859375
0.30900025367736816
0.3130004405975342
0.30899977684020996
0.3119997978210449
0.3130009174346924
0.30699920654296875
0.3119993209838867
0.3079986572265625
0.30900025367736816
0.30900001525878906
0.3059990406036377
0.309999942779541
0.3080005645751953
0.30900025367736816
0.30899977684020996
0.30699753761291504
0.31099963188171387
0.3120005130767822
0.31799983978271484
0.3080003261566162
0.3099985122680664
0.3100004196166992
0.3099987506866455
0.31099987030029297
0.31099843978881836
0.30900049209594727
0.309999942779541
0.3120002746582031
0.30899977684020996
0.3359997272491455
0.3319973945617676
0.3340001106262207
0.33899974822998047
0.3340020179748535
0.33099937438964844
0.3340027332305908
0.3360004425048828
0.3339991569519043
0.33699917793273926
0.33352160453796387
0.33499932289123535
0.33299994468688965
0.33299994468688965
0.33600926399230957
0.3339996337890625
0.33300018310546875
0.3340001106262207
0.33500003814697266
0.33300065994262695
0.33499908447265625
0.3339998722076416
0.33300042152404785
0.33099985122680664
0.3360123634338379
0.33500170707702637
0.33500003814697266
0.33600282669067383
0.3360023498535156
0.3320014476776123
0.33499979972839355
0.3340005874633789
0.33500003814697266
0.33499979972839355
0.3390016555786133
0.3319995403289795
0.3340001106262207
0.33700037002563477
0.3319990634918213
0.33100032806396484
0.3340003490447998
0.3339972496032715
0.3339996337890625
0.3320002555847168
0.33500027656555176
0.3320004940032959
0.33600902557373047
0.3319995403289795
0.3339989185333252
0.33501100540161133
0.3339998722076416
0.3339998722076416
0.3379998207092285
0.3359999656677246
0.33499956130981445
0.33300065994262695
0.3339996337890625
0.3320004940032959
0.336000919342041
0.33500003814697266
0.33300065994262695
0.3360025882720947
0.33499908447265625
0.3339991569519043
0.3379998207092285
0.33500194549560547
0.33500027656555176
0.3319995403289795
0.3330087661743164
0.33500027656555176
0.334000825881958
0.33099937438964844
0.34200072288513184
0.33599853515625
0.3359999656677246
0.33499932289123535
0.3340027332305908
0.3359999656677246
0.33500003814697266
0.3370022773742676
0.33699965476989746
0.33500194549560547
0.3345208168029785
0.3340003490447998
0.33600521087646484
0.3359997272491455
0.3339998722076416
0.33299946784973145
0.33701014518737793
0.338010311126709
0.33299994468688965
0.33499932289123535
0.3340005874633789
0.3339986801147461
0.33700013160705566
0.3350088596343994
0.3340024948120117
0.33699965476989746
0.3360013961791992
0.33499979972839355
0.33503198623657227
0.33517003059387207
0.335521936416626
0.33299970626831055
0.3410000801086426
0.3310086727142334
0.3339993953704834
0.33499884605407715
0.33099889755249023
0.33300137519836426
0.3359997272491455
0.332000732421875
0.33499979972839355
0.33699774742126465
0.3390016555786133
0.33499979972839355
0.33500027656555176
0.33499979972839355
0.33299970626831055
0.3339993953704834
0.3359997272491455
0.33499836921691895
0.33500003814697266
0.3359973430633545
0.33499860763549805
0.33500075340270996
0.3339982032775879
0.33499979972839355
0.3319985866546631
0.3340005874633789
0.3390004634857178
0.3319997787475586
0.33500003814697266
0.3359999656677246
0.3319985866546631
0.33300065994262695
0.3340003490447998
0.33299970626831055
0.33400917053222656
0.3370096683502197
0.3320019245147705
0.3319978713989258
0.3339993953704834
0.3339998722076416
0.3329963684082031
0.33499693870544434
0.33700060844421387
0.3339996337890625
0.3319993019104004
0.3360004425048828
0.33299994468688965
0.3339996337890625
0.33700013160705566
0.3319997787475586
0.3359999656677246
0.3340117931365967
0.3339998722076416
0.3340001106262207
0.3319993019104004
0.33500218391418457
0.33500003814697266
0.3359999656677246
0.33499979972839355
0.3299996852874756
0.33299875259399414
0.3339993953704834
0.33299994468688965
0.33299970626831055
0.3360004425048828
0.33400821685791016
0.3300015926361084
0.33699750900268555
0.3340020179748535
0.33299756050109863
0.3340003490447998
0.334033727645874
0.3339979648590088
0.33299946784973145
0.3400001525878906
0.33699965476989746
0.3339996337890625
0.3340022563934326
0.33500218391418457
0.33099937438964844
0.3319997787475586
0.33499884605407715
0.3339986801147461
0.33299994468688965
0.3339996337890625
0.3339998722076416
0.33299970626831055
0.3360004425048828
0.3390007019042969
0.33299970626831055
0.338001012802124
0.33299922943115234
0.33300018310546875
0.3339993953704834
0.33499908447265625
0.33500027656555176
0.33299994468688965
0.33300042152404785
0.33500027656555176
0.33300018310546875
0.3330116271972656
0.33499932289123535
0.33299994468688965
0.3339998722076416
0.3340003490447998
0.33300018310546875
0.3350095748901367
0.3339977264404297
0.33299994468688965
0.33500003814697266
0.3339998722076416
0.33300018310546875
0.33299946784973145
0.33299970626831055
0.3339972496032715
0.33299875259399414
0.3340003490447998
0.3339998722076416
0.33099961280822754
0.33300018310546875
0.33299994468688965
0.3339998722076416
0.3350098133087158
0.33099961280822754
0.3359975814819336
0.3359973430633545
0.3339998722076416
0.3340001106262207
0.3340017795562744
0.33600854873657227
0.3360002040863037
0.3320002555847168
0.33300018310546875
0.33899998664855957
0.33299946784973145
0.33299994468688965
0.3360004425048828
0.33300018310546875
0.3375265598297119
0.3320281505584717
0.3320291042327881
0.3360307216644287
0.3360278606414795
0.33603763580322266
0.3340179920196533
0.33302927017211914
0.33402061462402344
0.3320002555847168
0.3350026607513428
0.3339998722076416
0.3340005874633789
0.3319997787475586
0.33299994468688965
0.33299994468688965
0.3340003490447998
0.33300042152404785
0.3339996337890625
0.3319997787475586
0.33400845527648926
0.3340001106262207
0.33300089836120605
0.3339998722076416
0.3339993953704834
0.3320002555847168
0.3339998722076416
0.33299970626831055
0.3320000171661377
0.33300042152404785
0.33300018310546875
0.33300042152404785
0.3339993953704834
0.3339982032775879
0.33499932289123535
0.3359997272491455
0.33300209045410156
0.33299946784973145
0.33300042152404785
0.3339998722076416
0.3339993953704834
0.3339993953704834
0.3339998722076416
0.3320000171661377
0.33499836921691895
0.3330094814300537
0.33099937438964844
0.3330099582672119
0.33499979972839355
0.331998348236084
0.3350081443786621
0.3379988670349121
0.3330106735229492
0.33300065994262695
0.3360021114349365
0.335003137588501
0.3339996337890625
0.3359980583190918
0.3340001106262207
0.3319993019104004
0.33300042152404785
0.3330211639404297
0.33299827575683594
0.33499979972839355
0.33499741554260254
0.3319995403289795
0.33300018310546875
0.333996057510376
0.3319978713989258
0.33500003814697266
0.33701014518737793
0.3339998722076416
0.33299970626831055
0.331998348236084
0.3330080509185791
0.33100008964538574
0.3350095748901367
0.3340001106262207
0.33100223541259766
0.3360021114349365
0.3319973945617676
0.3339998722076416
0.33299970626831055
0.3340003490447998
0.3320000171661377
0.33500218391418457
0.3330087661743164
0.3360097408294678
0.33300042152404785
0.3320000171661377
0.3330092430114746
0.33099985122680664
0.3319995403289795
0.33299946784973145
0.3339993953704834
0.33300018310546875
0.3320000171661377
0.33299994468688965
0.3339996337890625
0.33403515815734863
0.33300113677978516
0.3320012092590332
0.33299970626831055
0.33499836921691895
0.3339993953704834
0.33499979972839355
0.3319976329803467
0.3340003490447998
0.3370089530944824
0.33300089836120605
0.33200788497924805
0.3350076675415039
0.3330349922180176
0.33286571502685547
0.33300018310546875
0.3360002040863037
0.33299994468688965
0.331998348236084
0.33299899101257324
0.33500003814697266
0.33499956130981445
0.3339991569519043
0.33100008964538574
0.33299994468688965
0.33299803733825684
0.3339998722076416
0.3320000171661377
0.33299851417541504
0.3320019245147705
0.33299970626831055
0.33299946784973145
0.33451390266418457
0.3339991569519043
0.33299970626831055
0.3360002040863037
0.3330647945404053
0.33299899101257324
0.3339998722076416
0.3339998722076416
0.3339986801147461
0.3330087661743164
0.33500027656555176
0.3359992504119873
0.33300137519836426
0.33699965476989746
0.3340001106262207
0.3340001106262207
0.3339982032775879
0.3559999465942383
0.33299946784973145
0.33499836921691895
0.3320000171661377
0.3319976329803467
0.33299994468688965
0.33300018310546875
0.3340001106262207
0.33499813079833984
0.3319997787475586
0.3340001106262207
0.3340003490447998
0.33300018310546875
0.3339991569519043
0.3319978713989258
0.3339998722076416
0.3340001106262207
0.33299994468688965
0.33500003814697266
0.3340001106262207
0.33299899101257324
0.33300089836120605
0.3320000171661377
0.3319988250732422
0.33299827575683594
0.33500003814697266
0.33299994468688965
0.3339998722076416
0.33499836921691895
0.33299994468688965
0.3339986801147461
0.33299827575683594
0.33499932289123535
0.3319997787475586
0.3380000591278076
0.3320002555847168
0.33299875259399414
0.3339989185333252
0.33292365074157715
0.33301496505737305
0.3359994888305664
0.3359987735748291
0.33299970626831055
0.33099818229675293
0.33500075340270996
0.33395957946777344
0.34099864959716797
0.33099961280822754
0.33500003814697266
0.3340010643005371
0.3359999656677246
0.33299899101257324
0.33499836921691895
0.3340134620666504
0.3339998722076416
0.3319995403289795
0.3339991569519043
0.33499836921691895
0.3409998416900635
0.33500123023986816
0.3319997787475586
0.33500146865844727
0.3319990634918213
0.3329956531524658
0.33299875259399414
0.33500027656555176
0.33499956130981445
0.33500003814697266
0.33299970626831055
0.33099985122680664
0.33299994468688965
0.33299851417541504
0.3339996337890625
0.3339993953704834
0.33500218391418457
0.3299999237060547
0.33299970626831055
0.33299994468688965
0.3339996337890625
0.3339993953704834
0.33499860763549805
0.3319995403289795
0.33899998664855957
0.33699941635131836
0.33299994468688965
0.33899998664855957
0.3320012092590332
0.33299994468688965
0.34000062942504883
0.3339991569519043
0.33299779891967773
0.331998348236084
0.3319981098175049
0.3339998722076416
0.341001033782959
0.3319973945617676
0.3340001106262207
0.33899927139282227
0.33100032806396484
0.333998441696167
0.33300065994262695
0.3439972400665283
0.34400033950805664
0.33700060844421387
0.33300065994262695
0.3580000400543213
0.3660008907318115
0.3319981098175049
0.33299970626831055
0.3299984931945801
0.33299875259399414
0.33299970626831055
0.33299827575683594
0.33500003814697266
0.33300018310546875
0.3340001106262207
0.33099842071533203
0.3340003490447998
0.333998441696167
0.3429999351501465
0.36299967765808105
0.33300042152404785
0.3339998722076416
0.33500003814697266
0.328998327255249
0.33350682258605957
0.3340017795562744
0.33500003814697266
0.33299827575683594
0.336000919342041
0.3399980068206787
0.3359997272491455
0.33300018310546875
0.33700013160705566
0.3339998722076416
0.333998441696167
0.3340001106262207
0.3339982032775879
0.33499956130981445
0.3352513313293457
0.3320000171661377
0.3319995403289795
0.33299970626831055
0.3339998722076416
0.33300137519836426
0.33299946784973145
0.3319990634918213
0.33299851417541504
0.3339996337890625
0.333998441696167
0.3339996337890625
0.33500123023986816
0.33300018310546875
0.3339989185333252
0.3320000171661377
0.338001012802124
0.33099961280822754
0.33499979972839355
0.34600114822387695
0.338001012802124
0.3340001106262207
0.3340001106262207
0.33499979972839355
0.3320000171661377
0.33299851417541504
0.33300065994262695
0.3339998722076416
0.33499979972839355
0.32899951934814453
0.334000825881958
0.33492398262023926
0.3360004425048828
0.33099985122680664
0.33500027656555176
0.33299994468688965
0.33099794387817383
0.3380005359649658
0.3339996337890625
0.3340013027191162
0.3339986801147461
0.33499979972839355
0.33499908447265625
0.33300042152404785
0.3360011577606201
0.33500027656555176
0.3340017795562744
0.334000825881958
0.334000825881958
0.33299922943115234
0.3339998722076416
0.3340001106262207
0.3339996337890625
0.3339998722076416
0.33299922943115234
0.3340010643005371
0.33299946784973145
0.3339998722076416
0.3339998722076416
0.3339996337890625
0.33299970626831055
0.33499884605407715
0.3339993953704834
0.3339989185333252
0.33299756050109863
0.33100032806396484
0.33699989318847656
0.33700013160705566
0.3359982967376709
0.33099913597106934
0.3339986801147461
0.33900022506713867
0.33499836921691895
0.33100008964538574
0.33500003814697266
0.33499979972839355
0.33300042152404785
0.33299827575683594
0.3360006809234619
0.33299875259399414
0.3339977264404297
0.33300042152404785
0.33299851417541504
0.3340003490447998
0.33499908447265625
0.3339996337890625
0.3340005874633789
0.3335075378417969
0.333998441696167
0.3319995403289795
0.33099961280822754
0.333998441696167
0.3299996852874756
0.3319981098175049
0.33300042152404785
0.3319988250732422
0.33099865913391113
0.3380005359649658
0.3380002975463867
0.3320000171661377
0.33351588249206543
0.3340001106262207
0.33299994468688965
0.33299946784973145
0.3340003490447998
0.3340003490447998
0.3320002555847168
0.3339998722076416
0.3320009708404541
0.334000825881958
0.33500099182128906
0.3360002040863037
0.3360002040863037
0.33300018310546875
0.3340003490447998
0.3319997787475586
0.33299946784973145
0.334000825881958
0.33499956130981445
0.3300001621246338
0.3359999656677246
0.3360002040863037
0.3340001106262207
0.33300089836120605
0.3339996337890625
0.33299970626831055
0.33299899101257324
0.33299994468688965
0.3339998722076416
0.33099913597106934
0.3340010643005371
0.33299994468688965
0.33299851417541504
0.33299994468688965
0.33499789237976074
0.33299899101257324
0.33299994468688965
0.3410000801086426
0.33299875259399414
0.33299970626831055
0.3345048427581787
0.3339998722076416
0.3340001106262207
0.3339991569519043
0.329998254776001
0.33300065994262695
0.3339998722076416
0.3339991569519043
0.33299970626831055
0.3320002555847168
0.3360013961791992
0.3340003490447998
0.33099913597106934
0.33500027656555176
0.33299994468688965
0.33300018310546875
0.3339991569519043
0.33500146865844727
0.33899855613708496
0.33299994468688965
0.3339998722076416
0.3340001106262207
0.33499932289123535
0.33700013160705566
0.3319993019104004
0.3319993019104004
0.3319995403289795
0.33500003814697266
0.33299899101257324
0.33499956130981445
0.3319990634918213
0.33500146865844727
0.3339998722076416
0.33500003814697266
0.33500051498413086
0.3340001106262207
0.3340015411376953
0.3339996337890625
0.3359999656677246
0.3469998836517334
0.33299779891967773
0.3319985866546631
0.3320000171661377
0.33500099182128906
0.35899996757507324
0.3360011577606201
0.3355071544647217
0.3340001106262207
0.33499932289123535
0.337998628616333
0.33099985122680664
0.33500027656555176
0.3339993953704834
0.33299994468688965
0.3340001106262207
0.3359997272491455
0.3299980163574219
0.33500051498413086
0.3339998722076416
0.3340001106262207
0.3339998722076416
0.3360011577606201
0.33899927139282227
0.33499884605407715
0.3319995403289795
0.3339982032775879
0.33299851417541504
0.33299946784973145
0.34050488471984863
0.33499979972839355
0.33099913597106934
0.3319997787475586
0.33699870109558105
0.33499908447265625
0.33099865913391113
0.33700060844421387
0.3360002040863037
0.3319993019104004
0.33299851417541504
0.3360004425048828
0.33499979972839355
0.3340001106262207
0.3340015411376953
0.33299970626831055
0.3319976329803467
0.3340001106262207
0.33499979972839355
0.33500003814697266
0.3339996337890625
0.3339996337890625
0.33299899101257324
0.3340003490447998
0.33499789237976074
0.33099818229675293
0.33299970626831055
0.3339979648590088
0.3320004940032959
0.33299875259399414
0.3339991569519043
0.33299994468688965
0.3319985866546631
0.33500099182128906
0.3340013027191162
0.33299803733825684
0.3340010643005371
0.3340003490447998
0.3320004940032959
0.3339996337890625
0.3339998722076416
0.3320000171661377
0.3339998722076416
0.3339977264404297
0.3320000171661377
0.30899786949157715
0.3080005645751953
0.3110005855560303
0.3099982738494873
0.31100034713745117
0.31400203704833984
0.3250000476837158
0.312000036239624
0.3130018711090088
0.31000185012817383
0.3100094795227051
0.30902743339538574
0.3091695308685303
0.3105449676513672
0.31203365325927734
0.3101508617401123
0.31003570556640625
0.3110005855560303
0.31100034713745117
0.31100034713745117
0.31000661849975586
0.30700111389160156
0.30899953842163086
0.31000757217407227
0.3079993724822998
0.3080003261566162
0.3120005130767822
0.3229994773864746
0.30699992179870605
0.30900001525878906
0.309999942779541
0.31099987030029297
0.312999963760376
0.30900049209594727
0.3080005645751953
0.3110008239746094
0.3099997043609619
0.30899930000305176
0.3080000877380371
0.31099963188171387
0.3099997043609619
0.30700159072875977
0.3130009174346924
0.3110027313232422
0.31100010871887207
0.3080003261566162
0.3079977035522461
0.30899930000305176
0.3110015392303467
0.30700135231018066
0.3110008239746094
0.3110010623931885
0.3100008964538574
0.3079981803894043
0.31100010871887207
0.309002161026001
0.30900073051452637
0.31100034713745117
0.31099915504455566
0.30899834632873535
0.3099987506866455
0.31099987030029297
0.3119988441467285
0.3120005130767822
0.3139982223510742
0.307999849319458
0.307999849319458
0.3099997043609619
0.3080010414123535
0.30899786949157715
0.312000036239624
0.3099997043609619
0.3110015392303467
0.3240010738372803
0.30900049209594727
0.31099939346313477
0.31200098991394043
0.3080024719238281
0.309999942779541
0.3119993209838867
0.3099977970123291
0.31100034713745117
0.31000256538391113
0.3100001811981201
0.31099987030029297
0.31100034713745117
0.31099915504455566
0.309999942779541
0.30899953842163086
0.3130025863647461
0.3130002021789551
0.31099939346313477
0.3120002746582031
0.31100034713745117
0.3119990825653076
0.31099963188171387
0.3080027103424072
0.30899715423583984
0.30900073051452637
0.30700063705444336
0.3130002021789551
0.3100006580352783
0.3130004405975342
0.31099987030029297
0.31099700927734375
0.3080008029937744
0.30899953842163086
0.3100006580352783
0.3130002021789551
0.3129994869232178
0.31099939346313477
0.30899977684020996
0.3099985122680664
0.30900025367736816
0.31099987030029297
0.30899977684020996
0.31099820137023926
0.31200194358825684
0.31100010871887207
0.309999942779541
0.3099985122680664
0.30699992179870605
0.3079986572265625
0.30900001525878906
0.3080003261566162
0.3099994659423828
0.3080017566680908
0.31099939346313477
0.30899977684020996
0.3119981288909912
0.3100001811981201
0.3080000877380371
0.30700182914733887
0.31099939346313477
0.3100004196166992
0.3099980354309082
0.3119995594024658
0.3099992275238037
0.312999963760376
0.30699706077575684
0.3079991340637207
0.3100001811981201
0.31100034713745117
0.31000208854675293
0.31099963188171387
0.3080000877380371
0.3119993209838867
0.3130006790161133
0.3099992275238037
0.3170003890991211
0.31100010871887207
0.3080000877380371
0.30900001525878906
0.3119997978210449
0.31200098991394043
0.30900001525878906
0.30900049209594727
0.30899977684020996
0.309999942779541
0.3099997043609619
0.30899953842163086
0.31399965286254883
0.31200122833251953
0.3079988956451416
0.3110008239746094
0.3079991340637207
0.3120002746582031
0.30900025367736816
0.3100001811981201
0.3100004196166992
0.30899786949157715
0.31599950790405273
0.3110015392303467
0.31000232696533203
0.30899906158447266
0.3099997043609619
0.3110079765319824
0.3079981803894043
0.3100001811981201
0.3100004196166992
0.30800437927246094
0.3099989891052246
0.309999942779541
0.31099748611450195
0.3099997043609619
0.3129994869232178
0.30699944496154785
0.30900049209594727
0.3079996109008789
0.3100001811981201
0.3119986057281494
0.30899977684020996
0.3099977970123291
0.30899977684020996
0.30900001525878906
0.3110034465789795
0.309999942779541
0.3099994659423828
0.31099939346313477
0.30899620056152344
0.3099992275238037
0.30699968338012695
0.30900049209594727
0.3189980983734131
0.307997465133667
0.30899953842163086
0.31000208854675293
0.30899882316589355
0.3079991340637207
0.30900096893310547
0.3070027828216553
0.3079993724822998
0.30899906158447266
0.30699801445007324
0.31099915504455566
0.3099985122680664
0.32100892066955566
0.3099994659423828
0.31099939346313477
0.31099915504455566
0.31100034713745117
0.31399965286254883
0.3129994869232178
0.31099843978881836
0.31099963188171387
0.31099963188171387
0.31100010871887207
0.30899953842163086
0.31099796295166016
0.3080017566680908
0.3080019950866699
0.3100006580352783
0.3189997673034668
0.3110015392303467
0.31200075149536133
0.31099724769592285
0.31099987030029297
0.3100006580352783
0.31100034713745117
0.309999942779541
0.3139986991882324
0.30700039863586426
0.3100004196166992
0.31100034713745117
0.3100004196166992
0.3410000801086426
0.31099963188171387
0.33309483528137207
0.34400129318237305
0.338773250579834
0.305999755859375
0.3019993305206299
0.30499982833862305
0.30500030517578125
0.301999568939209
0.30500197410583496
0.3060026168823242
0.30299973487854004
0.3060011863708496
0.3060004711151123
0.30899977684020996
0.3099977970123291
0.31400060653686523
0.3119971752166748
0.3100004196166992
0.3109703063964844
0.3119986057281494
0.31003546714782715
0.31803297996520996
0.31099939346313477
0.3110008239746094
0.30899953842163086
0.3099989891052246
0.3269991874694824
0.341001033782959
0.3319997787475586
0.3130009174346924
0.31100034713745117
0.30900001525878906
0.3100004196166992
0.3099989891052246
0.33099913597106934
0.32701683044433594
0.31299662590026855
0.30900001525878906
0.30899930000305176
0.3149993419647217
0.30700063705444336
0.3149995803833008
0.30899906158447266
0.33099985122680664
0.3332672119140625
0.32799863815307617
0.3370094299316406
0.3300025463104248
0.33700060844421387
0.3299989700317383
0.3060002326965332
0.30299973487854004
0.30299973487854004
0.3110017776489258
0.3210000991821289
0.3100008964538574
0.30900001525878906
0.30700016021728516
0.30899882316589355
0.30699753761291504
0.3079991340637207
0.3099994659423828
0.3320004940032959
0.3060002326965332
0.3119983673095703
0.3120002746582031
0.3099987506866455
0.3190007209777832
0.3129994869232178
0.3099985122680664
0.3080008029937744
0.3099985122680664
0.30900049209594727
0.3099997043609619
0.3119993209838867
0.3110020160675049
0.31099891662597656
0.31100034713745117
0.31000208854675293
0.31099963188171387
0.3090016841888428
0.3099994659423828
0.3119988441467285
0.31400012969970703
0.3079979419708252
0.3110010623931885
0.31099867820739746
0.3079991340637207
0.3079993724822998
0.31100010871887207
0.3110320568084717
0.30899977684020996
0.3120005130767822
0.30899930000305176
0.3090016841888428
0.30899930000305176
0.3090329170227051
0.3099997043609619
0.3090367317199707
0.3079984188079834
0.31099748611450195
0.30899810791015625
0.30899977684020996
0.31100010871887207
0.3079988956451416
0.31303882598876953
0.3100001811981201
0.30996251106262207
0.30999755859375
0.3170018196105957
0.3119678497314453
0.31099987030029297
0.3080003261566162
0.3090367317199707
0.3130004405975342
0.3080012798309326
0.3119981288909912
0.3130009174346924
0.3089632987976074
0.309999942779541
0.30900049209594727
0.30699849128723145
0.3099977970123291
0.30899906158447266
0.30900001525878906
0.3110015392303467
0.30803513526916504
0.3080005645751953
0.30900073051452637
0.306962251663208
0.3089776039123535
0.309999942779541
0.31000232696533203
0.30699849128723145
0.3100001811981201
0.31099987030029297
0.30903172492980957
0.3080315589904785
0.309999942779541
0.3079996109008789
0.31203246116638184
0.3190338611602783
0.3079979419708252
0.3060011863708496
0.3099977970123291
0.31096315383911133
0.3079986572265625
0.31099772453308105
0.30899906158447266
0.30699777603149414
0.30996251106262207
0.30899977684020996
0.3079991340637207
0.31203198432922363
0.3129692077636719
0.31096863746643066
0.30899858474731445
0.30899715423583984
0.3099977970123291
0.30896711349487305
0.3079986572265625
0.31099820137023926
0.31103038787841797
0.3080003261566162
0.31099891662597656
0.3110013008117676
0.30696606636047363
0.30899834632873535
0.31299924850463867
0.31099963188171387
0.3139619827270508
0.31299877166748047
0.3110005855560303
0.3110322952270508
0.3079981803894043
0.31000185012817383
0.3099994659423828
0.3100016117095947
0.307997465133667
0.31102895736694336
0.3099970817565918
0.3059995174407959
0.3109703063964844
0.30899906158447266
0.30899786949157715
0.30699920654296875
0.30899739265441895
0.30699777603149414
0.305999755859375
0.30903005599975586
0.3100321292877197
0.3080289363861084
0.3090331554412842
0.309999942779541
0.31099724769592285
0.3080000877380371
0.3099985122680664
0.30896949768066406
0.30899977684020996
0.31099963188171387
0.3080008029937744
0.3139984607696533
0.3080000877380371
0.3169999122619629
0.30899953842163086
0.30699944496154785
0.3110008239746094
0.312000036239624
0.309969425201416
0.30699920654296875
0.3099987506866455
0.30900001525878906
0.30699872970581055
0.31099987030029297
0.30900025367736816
0.3119988441467285
0.3119986057281494
0.3099985122680664
0.3109607696533203
0.3129994869232178
0.3100006580352783
0.3155193328857422
0.3410012722015381
0.3340020179748535
0.32599973678588867
0.339998722076416
0.3410003185272217
0.3399970531463623
0.34200000762939453
0.3509986400604248
0.34999966621398926
0.31600069999694824
0.31099724769592285
0.309999942779541
0.3100008964538574
0.312000036239624
0.30900025367736816
0.3068516254425049
0.31999850273132324
0.309999942779541
0.30900025367736816
0.31200194358825684
0.31099939346313477
0.3079981803894043
0.3100123405456543
0.30899858474731445
0.3079986572265625
0.31099987030029297
0.31099987030029297
0.30700063705444336
0.30900120735168457
0.3059985637664795
0.30900144577026367
0.311997652053833
0.3130002021789551
0.3099973201751709
0.31035923957824707
0.30753397941589355
0.31014490127563477
0.31383538246154785
0.3190267086029053
0.30902957916259766
0.30979418754577637
0.31100034713745117
0.3100001811981201
0.30899930000305176
0.31299901008605957
0.31200194358825684
0.3209998607635498
0.3079991340637207
0.3099997043609619
0.30700063705444336
0.3099992275238037
0.30899906158447266
0.3079991340637207
0.30899930000305176
0.3080010414123535
0.3090019226074219
0.30899977684020996
0.3130002021789551
0.3209998607635498
0.30900001525878906
0.3079979419708252
0.3099992275238037
0.3080019950866699
0.30899977684020996
0.3080000877380371
0.30900120735168457
0.3080000877380371
0.3090026378631592
0.3209977149963379
0.31100010871887207
0.3090019226074219
0.30900120735168457
0.3119986057281494
0.3110008239746094
0.30899977684020996
0.31299924850463867
0.30900096893310547
0.31099987030029297
0.3099994659423828
0.30899858474731445
0.3099994659423828
0.31099724769592285
0.3080003261566162
0.30899906158447266
0.3079977035522461
0.3099994659423828
0.3079991340637207
0.30899786949157715
0.3090019226074219
0.3119974136352539
0.31099748611450195
0.3110024929046631
0.3079996109008789
0.30700016021728516
0.309999942779541
0.30900001525878906
0.3100004196166992
0.3080000877380371
0.30700039863586426
0.319000244140625
0.3090078830718994
0.30700063705444336
0.3110005855560303
0.31099963188171387
0.3080000877380371
0.30899763107299805
0.3079979419708252
0.30699968338012695
0.3080008029937744
0.30900025367736816
0.31099915504455566
0.31099939346313477
0.3110084533691406
0.30899930000305176
0.312000036239624
0.3100001811981201
0.30899930000305176
0.30900025367736816
0.3110010623931885
0.3099994659423828
0.3110010623931885
0.3080000877380371
0.309999942779541
0.30900049209594727
0.30900144577026367
0.3120005130767822
0.3110015392303467
0.32199835777282715
0.312999963760376
0.3090023994445801
0.3080003261566162
0.3079996109008789
0.30900001525878906
0.3110024929046631
0.3110020160675049
0.30899810791015625
0.3080000877380371
0.3079984188079834
0.309999942779541
0.3080010414123535
0.30900049209594727
0.30899930000305176
0.3110017776489258
0.30900001525878906
0.3110005855560303
0.3080015182495117
0.307999849319458
0.3079986572265625
0.32200169563293457
0.30900120735168457
0.3080005645751953
0.3100006580352783
0.31399965286254883
0.30900001525878906
0.30899953842163086
0.3119993209838867
0.30900001525878906
0.3079993724822998
0.30899906158447266
0.3080003261566162
0.30900025367736816
0.3080000877380371
0.3100001811981201
0.3100016117095947
0.30700016021728516
0.30699777603149414
0.3099987506866455
0.3100001811981201
0.31099748611450195
0.30900001525878906
0.3079979419708252
0.30900001525878906
0.32053422927856445
0.3071937561035156
0.30899596214294434
0.30800676345825195
0.30795836448669434
0.3099675178527832
0.30799317359924316
0.31099486351013184
0.307995080947876
0.31199121475219727
0.3110485076904297
0.3079380989074707
0.30799126625061035
0.3119962215423584
0.30899763107299805
0.30799198150634766
0.3109891414642334
0.30899548530578613
0.3159921169281006
0.3129918575286865
0.30799150466918945
0.3070106506347656
0.3089778423309326
0.30799365043640137
0.31101083755493164
0.3089728355407715
0.30599117279052734
0.31099414825439453
0.3089923858642578
0.3079688549041748
0.3120250701904297
0.30884814262390137
0.30798768997192383
0.3089923858642578
0.305983304977417
0.3089940547943115
0.3078784942626953
0.30904054641723633
0.32189226150512695
0.3120152950286865
0.31095409393310547
0.3109924793243408
0.30992817878723145
0.3070046901702881
0.3099863529205322
0.31299304962158203
0.30999207496643066
0.3129913806915283
0.31192541122436523
0.31005382537841797
0.31092381477355957
0.30915069580078125
0.31003618240356445
0.3110799789428711
0.3099179267883301
0.3119971752166748
0.3109886646270752
0.3089945316314697
0.31003284454345703
0.3069953918457031
0.3069932460784912
0.3099939823150635
0.31103038787841797
0.31100893020629883
0.3119804859161377
0.3109922409057617
0.3099961280822754
0.31099581718444824
0.30997681617736816
0.31098294258117676
0.3099935054779053
0.30799436569213867
0.3079948425292969
0.310992956161499
0.3099710941314697
0.3099954128265381
0.30998873710632324
0.31299638748168945
0.3119945526123047
0.30798983573913574
0.3089907169342041
0.3089914321899414
0.30699586868286133
0.3099939823150635
0.30899477005004883
0.30899548530578613
0.30998826026916504
0.3108482360839844
0.30798983573913574
0.309995174407959
0.3079946041107178
0.3169889450073242
0.3069891929626465
0.3099970817565918
0.3129861354827881
0.3109931945800781
0.30799174308776855
0.30899524688720703
0.3089931011199951
0.30799293518066406
0.30999326705932617
0.3080165386199951
0.3099710941314697
0.3110034465789795
0.30904507637023926
0.30993151664733887
0.3119957447052002
0.313004732131958
0.31101441383361816
0.30901265144348145
0.3200056552886963
0.33101320266723633
0.3290140628814697
0.3190124034881592
0.30900001525878906
0.31599879264831543
0.3300004005432129
0.3100001811981201
0.30899977684020996
0.31599998474121094
0.3220052719116211
0.3190016746520996
0.31600046157836914
0.315000057220459
0.30899977684020996
0.3340020179748535
0.3169999122619629
0.3020002841949463
0.30299997329711914
0.3060007095336914
0.31200098991394043
0.3080003261566162
0.30099987983703613
0.30499887466430664
0.31100010871887207
0.3019993305206299
0.31600117683410645
0.312999963760376
0.315000057220459
0.31099987030029297
0.30899858474731445
