0.040817975997924805
0.05894327163696289
0.052036285400390625
0.02945399284362793
0.03004598617553711
0.07312202453613281
0.059471845626831055
0.030636072158813477
0.05611991882324219
0.03037405014038086
0.04268169403076172
0.04604601860046387
0.05124092102050781
0.030499935150146484
0.07840299606323242
0.04939603805541992
0.038240909576416016
0.025271177291870117
0.024996280670166016
0.02403998374938965
0.024317026138305664
0.024369001388549805
0.02475118637084961
0.040171146392822266
0.026170015335083008
0.037018775939941406
0.02606797218322754
0.026504993438720703
0.025653839111328125
0.025628089904785156
0.0260009765625
0.025181293487548828
0.024383068084716797
0.025164127349853516
0.024417877197265625
0.025026798248291016
0.024309873580932617
0.026446104049682617
0.025715112686157227
0.02400517463684082
0.024923324584960938
0.025008201599121094
0.025207996368408203
0.02461695671081543
0.025690078735351562
0.02424907684326172
0.024821996688842773
0.025675058364868164
0.02434706687927246
0.02415299415588379
0.02541375160217285
0.0260770320892334
0.02631235122680664
0.024535179138183594
0.024949073791503906
0.02423572540283203
0.024756908416748047
0.025514841079711914
0.025858163833618164
0.025552034378051758
0.025493144989013672
0.025340795516967773
0.024812936782836914
0.024869918823242188
0.02633380889892578
0.02636122703552246
0.025951147079467773
0.024277925491333008
0.025918245315551758
0.025124073028564453
0.02485179901123047
0.026098012924194336
0.026423931121826172
0.025805234909057617
0.024879932403564453
0.02533102035522461
0.024760723114013672
0.025066375732421875
0.024965763092041016
0.02493000030517578
0.025786876678466797
0.025725126266479492
0.02444624900817871
0.025018692016601562
0.02568507194519043
0.025078773498535156
0.09499835968017578
0.0670003890991211
0.06599926948547363
0.0670011043548584
0.06600141525268555
0.0670013427734375
0.06699991226196289
1.4760000705718994
0.0029997825622558594
0.0030002593994140625
0.003000020980834961
0.0019998550415039062
0.0029997825622558594
0.0029997825622558594
0.00299835205078125
0.00400090217590332
0.003998279571533203
0.003997325897216797
0.0039997100830078125
0.003000974655151367
0.0029997825622558594
0.003999471664428711
0.004999876022338867
0.003000497817993164
0.0040013790130615234
0.0029990673065185547
0.0030002593994140625
0.0029997825622558594
0.0029973983764648438
0.003000497817993164
0.0029997825622558594
0.0029997825622558594
0.003000497817993164
0.003000020980834961
0.005000114440917969
0.003998756408691406
0.004999637603759766
0.003000020980834961
0.003000020980834961
0.003999233245849609
0.0049974918365478516
0.0030028820037841797
0.003999471664428711
0.003000497817993164
0.004999876022338867
0.003000020980834961
0.0030007362365722656
0.0029997825622558594
0.0040018558502197266
0.0029993057250976562
0.00299835205078125
0.004999876022338867
0.004999876022338867
0.005000114440917969
0.0029981136322021484
0.0029993057250976562
0.0039975643157958984
0.003999948501586914
0.003000020980834961
0.0050013065338134766
0.0029985904693603516
0.005000114440917969
0.0040013790130615234
0.003999948501586914
0.0060002803802490234
0.003999471664428711
0.004001140594482422
0.004999637603759766
0.002999544143676758
0.003999948501586914
1.4949984550476074
0.004999876022338867
0.0039975643157958984
0.00500035285949707
0.004999399185180664
0.0029993057250976562
0.0029997825622558594
0.004999399185180664
0.00599980354309082
0.006000041961669922
0.0029990673065185547
0.00500035285949707
0.0029997825622558594
0.003000497817993164
0.006001472473144531
0.003000020980834961
0.004000425338745117
0.003000020980834961
0.005999326705932617
0.0029997825622558594
0.004000186920166016
0.0040013790130615234
0.0029997825622558594
0.0019998550415039062
0.0029997825622558594
0.005000114440917969
0.003000020980834961
0.00400090217590332
0.004998922348022461
0.0029990673065185547
0.004001617431640625
0.003000020980834961
0.005002260208129883
0.0029997825622558594
0.003997087478637695
0.0029985904693603516
0.003000020980834961
0.004999876022338867
0.0029997825622558594
0.007000446319580078
0.0030002593994140625
0.003000020980834961
0.0029990673065185547
0.00599980354309082
0.0030002593994140625
0.005000114440917969
0.003999948501586914
0.0030024051666259766
0.0030002593994140625
0.004999399185180664
0.0029993057250976562
0.007000446319580078
0.003002166748046875
0.005998134613037109
0.003000020980834961
0.0029997825622558594
0.004000186920166016
0.004000663757324219
0.004998683929443359
0.003998756408691406
0.003000497817993164
0.0029997825622558594
0.003999948501586914
0.0029993057250976562
0.003000020980834961
0.0029997825622558594
0.003998279571533203
0.0030002593994140625
0.004999876022338867
0.0029997825622558594
0.004999637603759766
0.002998828887939453
0.007000446319580078
0.003000974655151367
0.00600123405456543
0.003000497817993164
0.0030002593994140625
0.002999544143676758
0.003999471664428711
0.0030002593994140625
0.0029973983764648438
0.002998828887939453
0.006000041961669922
0.0029973983764648438
0.0029993057250976562
0.003999948501586914
0.003000020980834961
0.002998828887939453
0.0029997825622558594
0.004997730255126953
0.003999948501586914
0.003999233245849609
0.0060024261474609375
0.003997087478637695
0.005000591278076172
0.004999399185180664
0.00500035285949707
0.003999948501586914
0.004996776580810547
0.0039997100830078125
0.00500035285949707
0.004000186920166016
0.004001140594482422
0.0040013790130615234
0.0029997825622558594
0.002999544143676758
0.0029997825622558594
0.004000425338745117
0.0039997100830078125
0.003000020980834961
0.003000497817993164
0.0029997825622558594
0.003999948501586914
0.0030002593994140625
0.0050013065338134766
0.0029997825622558594
0.003000020980834961
0.002998828887939453
0.003000497817993164
0.002999544143676758
0.006999969482421875
0.0030002593994140625
0.006000041961669922
0.0029993057250976562
0.0059986114501953125
0.0030012130737304688
0.0029997825622558594
0.0030040740966796875
0.003893136978149414
0.005997419357299805
0.0029997825622558594
0.004999399185180664
0.0030002593994140625
0.003999233245849609
0.003000020980834961
0.005001068115234375
0.0030002593994140625
0.005002021789550781
0.0030002593994140625
0.004999399185180664
0.0039997100830078125
0.003999948501586914
0.004000186920166016
0.002999544143676758
0.004000186920166016
0.0029993057250976562
0.00400233268737793
0.0030007362365722656
0.0029993057250976562
0.0030002593994140625
0.002000093460083008
0.0029997825622558594
0.003000974655151367
0.0029985904693603516
0.003998994827270508
0.0029993057250976562
0.0039997100830078125
0.0030002593994140625
0.0029997825622558594
0.003000020980834961
0.004001617431640625
0.0029985904693603516
0.003000020980834961
0.006999969482421875
0.0020003318786621094
0.004004478454589844
0.0029990673065185547
0.003998279571533203
0.0029993057250976562
0.003000020980834961
0.003000974655151367
0.003998517990112305
0.0029997825622558594
0.0039980411529541016
0.003000020980834961
0.003999948501586914
0.0049991607666015625
0.004998445510864258
0.004001617431640625
0.0039975643157958984
0.003999948501586914
0.003000020980834961
0.003999471664428711
0.0050008296966552734
0.002997159957885742
0.0039997100830078125
0.006009340286254883
0.003000020980834961
0.0030007362365722656
0.007000446319580078
0.0030002593994140625
0.004999876022338867
0.0029997825622558594
0.004002571105957031
0.003000497817993164
0.003999471664428711
0.005002498626708984
0.004000425338745117
0.0029997825622558594
0.003000497817993164
0.0030002593994140625
0.0029997825622558594
0.0030002593994140625
0.0029990673065185547
0.003000020980834961
0.003000020980834961
0.0029990673065185547
0.003000020980834961
0.0029993057250976562
0.005000591278076172
0.0029964447021484375
0.003000020980834961
0.005001544952392578
0.003000020980834961
0.004001140594482422
0.0029993057250976562
0.004997730255126953
0.003999471664428711
0.003999948501586914
0.0039997100830078125
0.0030002593994140625
0.004001140594482422
0.0029997825622558594
0.0040035247802734375
0.0039997100830078125
0.0030002593994140625
0.003000497817993164
0.002999544143676758
0.0029997825622558594
0.0029997825622558594
0.0049974918365478516
0.002999544143676758
0.003998517990112305
0.0029997825622558594
0.0029993057250976562
0.003000020980834961
0.005997896194458008
0.004000186920166016
0.0049991607666015625
0.0029993057250976562
0.0040018558502197266
0.003000020980834961
0.0029997825622558594
0.003000497817993164
0.00499725341796875
0.0030002593994140625
0.003999948501586914
0.004000186920166016
0.004996538162231445
0.004998922348022461
0.004998922348022461
0.0030002593994140625
0.004999637603759766
0.0040018558502197266
0.003998279571533203
0.0030002593994140625
0.0062313079833984375
0.003000020980834961
0.0029997825622558594
0.003997802734375
0.00600123405456543
0.002998828887939453
0.005000114440917969
0.0050008296966552734
0.004001140594482422
0.0029997825622558594
0.0039997100830078125
0.0029993057250976562
0.004000663757324219
0.0030014514923095703
0.004999637603759766
0.0029981136322021484
0.004000186920166016
0.0029997825622558594
0.0029997825622558594
0.0040013790130615234
0.003000020980834961
0.00400090217590332
0.0030002593994140625
0.005999565124511719
0.003000497817993164
0.003000020980834961
0.0029997825622558594
0.004998922348022461
0.0029997825622558594
0.0029993057250976562
0.0029993057250976562
0.0029993057250976562
0.004999637603759766
0.006000518798828125
0.003999471664428711
0.0029981136322021484
0.004001140594482422
0.00400090217590332
0.004000663757324219
0.003999948501586914
0.004000663757324219
0.004998683929443359
0.0029985904693603516
0.002998828887939453
0.0040013790130615234
0.00299835205078125
0.0029990673065185547
0.0039997100830078125
0.0030007362365722656
0.003997802734375
0.00299835205078125
0.004997968673706055
0.00299835205078125
0.003000974655151367
0.005000114440917969
0.0029997825622558594
0.005000591278076172
0.002998828887939453
0.004999876022338867
0.004998207092285156
0.0030002593994140625
0.0060002803802490234
0.0029997825622558594
0.006000995635986328
0.0029990673065185547
0.0030002593994140625
0.004000186920166016
0.0019998550415039062
0.0019996166229248047
0.004999637603759766
0.0029985904693603516
0.0029985904693603516
0.004001617431640625
0.004999637603759766
0.003000020980834961
0.005000114440917969
0.0029985904693603516
0.004000663757324219
0.0029993057250976562
0.002999544143676758
0.003999233245849609
0.0030007362365722656
0.0029993057250976562
0.0029990673065185547
0.0030007362365722656
0.0029997825622558594
0.003999948501586914
0.003000020980834961
0.004999876022338867
0.003000020980834961
0.003000497817993164
0.003000020980834961
0.003999948501586914
0.0030002593994140625
0.0029990673065185547
0.002998828887939453
0.003999948501586914
0.0029981136322021484
0.0050013065338134766
0.003000020980834961
0.00500035285949707
0.003998756408691406
0.00600123405456543
0.002998828887939453
0.0029985904693603516
0.0039997100830078125
0.004000663757324219
0.0029993057250976562
0.004998207092285156
0.004997730255126953
0.0029985904693603516
0.006000995635986328
0.0049991607666015625
0.005000114440917969
0.0029997825622558594
0.0030007362365722656
0.0060007572174072266
0.002998828887939453
0.0030028820037841797
0.0029969215393066406
0.003999948501586914
0.0030002593994140625
0.00299835205078125
0.004998922348022461
0.00400090217590332
0.0050008296966552734
0.002998828887939453
0.0029997825622558594
0.004000425338745117
0.0029981136322021484
0.00299835205078125
0.0030014514923095703
0.004999876022338867
0.003999948501586914
0.004000186920166016
0.004000425338745117
0.003999233245849609
0.0040013790130615234
0.002998828887939453
0.004999876022338867
0.0030007362365722656
0.0029981136322021484
0.003999948501586914
0.004998922348022461
0.0030002593994140625
0.007001399993896484
0.0030002593994140625
0.0060007572174072266
0.003000497817993164
0.0029985904693603516
0.003998994827270508
0.0039980411529541016
0.0040013790130615234
0.005000114440917969
0.0030002593994140625
0.002997875213623047
0.00500035285949707
0.003000020980834961
0.00299835205078125
0.003998517990112305
0.005000591278076172
0.00299835205078125
0.0050008296966552734
0.003999233245849609
0.00299835205078125
0.0029985904693603516
0.0029997825622558594
0.0030002593994140625
0.0039997100830078125
0.004001140594482422
0.0029993057250976562
0.0029990673065185547
0.00400090217590332
0.0029997825622558594
0.004999876022338867
0.004000425338745117
0.002999544143676758
0.0029985904693603516
0.0029993057250976562
0.003000497817993164
0.003998994827270508
0.0029997825622558594
0.003998756408691406
0.003999233245849609
0.003998517990112305
0.004000186920166016
0.003999471664428711
0.003998279571533203
0.003999948501586914
0.003000974655151367
0.0029990673065185547
0.00299835205078125
0.003000497817993164
0.004000186920166016
0.004001140594482422
0.0029985904693603516
0.004999637603759766
0.003000020980834961
0.003000020980834961
0.0030002593994140625
0.003000020980834961
0.003999471664428711
0.003999233245849609
0.00499725341796875
0.003000020980834961
0.0040013790130615234
0.0029990673065185547
0.004000663757324219
0.004999876022338867
0.003000020980834961
0.0030007362365722656
0.002999544143676758
0.0029997825622558594
0.0030007362365722656
0.001999378204345703
0.003999948501586914
0.0029990673065185547
0.0030014514923095703
0.003998994827270508
0.0029985904693603516
0.004000425338745117
0.004000425338745117
0.0029990673065185547
0.0030012130737304688
0.00500035285949707
0.0029985904693603516
0.0030002593994140625
0.0029997825622558594
0.0029993057250976562
0.003000497817993164
0.004000425338745117
0.0030007362365722656
0.0029997825622558594
0.0030002593994140625
0.004000663757324219
0.003999948501586914
0.004000663757324219
0.003000497817993164
0.0029990673065185547
0.004000425338745117
0.0029985904693603516
0.003998756408691406
0.002999544143676758
0.0029981136322021484
0.003000020980834961
0.00500035285949707
0.0029990673065185547
0.005000114440917969
0.0030007362365722656
0.0030007362365722656
0.0050013065338134766
0.0029985904693603516
0.0030002593994140625
0.0029997825622558594
0.0029981136322021484
0.004000186920166016
0.0029997825622558594
0.00400090217590332
0.004998683929443359
0.0030007362365722656
0.003998279571533203
0.003000020980834961
0.003000497817993164
0.005001544952392578
0.0029997825622558594
0.003000497817993164
0.004999399185180664
0.003000497817993164
0.0029981136322021484
0.0049991607666015625
0.003999233245849609
0.0029993057250976562
0.003998756408691406
0.004001140594482422
0.0029993057250976562
0.004998445510864258
0.003000020980834961
0.003000497817993164
0.003000497817993164
0.00299835205078125
0.0029993057250976562
0.006000041961669922
1.4559993743896484
0.003999471664428711
0.002999544143676758
0.003998756408691406
0.0030002593994140625
0.003999233245849609
0.0030002593994140625
0.004000186920166016
0.003003358840942383
0.004996776580810547
0.0029993057250976562
0.005001068115234375
0.004000663757324219
0.002998828887939453
0.002999544143676758
0.006000041961669922
0.0030002593994140625
0.003000974655151367
0.004999876022338867
0.003000020980834961
0.0030002593994140625
0.0029997825622558594
0.002998828887939453
0.003002643585205078
0.0029997825622558594
0.0039997100830078125
0.004000425338745117
0.0029997825622558594
0.0029976367950439453
0.005000591278076172
0.003998756408691406
0.0030002593994140625
0.004999876022338867
0.003000020980834961
0.003999948501586914
0.003999948501586914
0.003000497817993164
0.0029993057250976562
0.0030002593994140625
0.003999948501586914
0.005997657775878906
0.002999544143676758
0.002999544143676758
0.00500035285949707
0.0030007362365722656
0.0029997825622558594
0.0030002593994140625
0.0039997100830078125
0.003000020980834961
0.0039997100830078125
0.0030002593994140625
0.003002643585205078
0.0039997100830078125
0.0029997825622558594
0.003999948501586914
0.004000663757324219
0.004002809524536133
0.0029990673065185547
0.0040013790130615234
0.0029997825622558594
0.0030007362365722656
0.004999637603759766
0.003000020980834961
0.0069997310638427734
0.004000186920166016
0.003999233245849609
0.004000186920166016
0.006000518798828125
0.00299835205078125
0.003000020980834961
0.003999233245849609
0.002997875213623047
0.0069997310638427734
0.003000497817993164
0.003000974655151367
0.003000497817993164
0.004002571105957031
0.0049991607666015625
0.0030002593994140625
0.004999876022338867
0.004000663757324219
0.006000995635986328
0.002999544143676758
0.0030014514923095703
0.0030024051666259766
0.004000425338745117
0.0029993057250976562
0.002999544143676758
0.0029997825622558594
0.003999471664428711
0.003002166748046875
0.002999544143676758
0.0029993057250976562
0.0029997825622558594
0.004998922348022461
0.002999544143676758
0.003997802734375
0.002999544143676758
0.004002809524536133
0.00599980354309082
0.004000663757324219
0.004000186920166016
0.0029985904693603516
0.0030019283294677734
0.003000020980834961
0.003000020980834961
0.0029993057250976562
0.0030031204223632812
0.0039980411529541016
0.004000186920166016
0.004000186920166016
0.0029997825622558594
0.004000425338745117
0.006999015808105469
0.0030002593994140625
0.0029993057250976562
0.0029997825622558594
0.007001161575317383
0.003000497817993164
0.002999544143676758
0.003996849060058594
0.002999544143676758
0.0029997825622558594
0.0029997825622558594
0.0029993057250976562
0.0029997825622558594
0.00500178337097168
0.0029985904693603516
0.006001949310302734
0.0029997825622558594
0.004001617431640625
0.0020003318786621094
0.004999399185180664
0.002999544143676758
0.0029997825622558594
0.0030002593994140625
0.002998828887939453
0.0030007362365722656
0.004998445510864258
0.0030002593994140625
0.0029993057250976562
0.006999492645263672
0.0029997825622558594
0.003998517990112305
0.0029997825622558594
0.0040035247802734375
0.0030002593994140625
0.0030012130737304688
0.004998207092285156
0.0030019283294677734
0.0029997825622558594
0.00599980354309082
0.0029997825622558594
0.0029997825622558594
0.004000425338745117
0.0030002593994140625
0.0070002079010009766
0.003000020980834961
0.004999637603759766
0.0029997825622558594
0.0029981136322021484
0.004996538162231445
0.0030002593994140625
0.005000591278076172
0.00400090217590332
0.005999326705932617
0.0029993057250976562
0.0030007362365722656
0.0029990673065185547
0.004003047943115234
0.004996776580810547
0.0030002593994140625
0.005999326705932617
0.002999544143676758
0.0029981136322021484
0.0029997825622558594
0.0030002593994140625
0.0020024776458740234
0.0030002593994140625
0.003000020980834961
0.0030007362365722656
0.0039997100830078125
0.003999233245849609
0.004000186920166016
0.0029997825622558594
0.004003286361694336
0.003996849060058594
0.004001617431640625
0.003998994827270508
0.0029993057250976562
0.0030002593994140625
0.004001140594482422
0.0029993057250976562
0.003002166748046875
0.002997875213623047
0.002997875213623047
0.004998207092285156
0.004000425338745117
0.0030007362365722656
0.0029997825622558594
0.0030002593994140625
0.003000497817993164
0.003000020980834961
0.004998922348022461
0.003000020980834961
0.003000020980834961
0.0029993057250976562
0.0030014514923095703
0.002999544143676758
0.003000974655151367
0.003000020980834961
0.0050013065338134766
0.0029985904693603516
0.0029990673065185547
0.0029997825622558594
0.0020008087158203125
0.0029997825622558594
0.0029997825622558594
0.003997802734375
0.003000974655151367
0.0039997100830078125
0.0029993057250976562
0.00500035285949707
0.003999233245849609
0.004000186920166016
0.002999544143676758
0.0049991607666015625
0.005999565124511719
0.004000186920166016
0.0039997100830078125
0.0040018558502197266
0.003998994827270508
0.004001617431640625
0.003998279571533203
0.0050013065338134766
0.0029993057250976562
0.004000186920166016
0.003998756408691406
0.003998517990112305
0.003999948501586914
0.003999471664428711
0.003999948501586914
0.004000663757324219
0.0029997825622558594
0.003000020980834961
0.004001140594482422
0.0039980411529541016
0.005999565124511719
0.004000425338745117
0.003999471664428711
0.003998517990112305
0.004030942916870117
0.00400090217590332
0.0039997100830078125
0.004000186920166016
0.0039997100830078125
0.0030002593994140625
0.0039997100830078125
0.003998994827270508
0.00400090217590332
0.002999544143676758
0.0029993057250976562
0.0029997825622558594
0.0039997100830078125
0.0030002593994140625
0.003999471664428711
0.003998756408691406
0.0029993057250976562
0.003996610641479492
0.004003047943115234
0.003996133804321289
0.004000663757324219
0.003998994827270508
0.003999233245849609
0.0029997825622558594
0.0050013065338134766
0.003999948501586914
0.004001140594482422
0.0029997825622558594
0.003998756408691406
0.003997325897216797
0.002998828887939453
0.0029993057250976562
0.004000186920166016
0.0030007362365722656
0.002999544143676758
0.00499725341796875
0.0039980411529541016
0.002998828887939453
0.0029997825622558594
0.004999399185180664
0.003000020980834961
0.00299835205078125
0.0029990673065185547
0.004997730255126953
0.004000663757324219
0.003999233245849609
0.004000425338745117
0.003998756408691406
0.00299835205078125
0.004997730255126953
0.0039997100830078125
0.002965211868286133
0.004000425338745117
0.002998828887939453
0.00499725341796875
0.0040018558502197266
0.003998756408691406
0.003999948501586914
0.0029993057250976562
0.0060024261474609375
0.004000425338745117
0.004002571105957031
0.004000425338745117
0.003999471664428711
0.0039975643157958984
0.004001140594482422
0.004000663757324219
0.003968000411987305
0.004000663757324219
0.002999544143676758
0.003000497817993164
0.003999233245849609
0.004000663757324219
0.004000186920166016
0.004000425338745117
0.003999948501586914
0.0029985904693603516
0.004997730255126953
0.003998994827270508
0.003000974655151367
0.003999948501586914
0.004000663757324219
0.0029993057250976562
0.003999948501586914
0.003998994827270508
0.004998445510864258
0.0039997100830078125
0.003998756408691406
0.003999948501586914
0.005999088287353516
0.003999948501586914
0.003999948501586914
0.004000425338745117
0.003999948501586914
0.005002021789550781
0.0030002593994140625
0.003999948501586914
0.005001544952392578
0.003998517990112305
0.0029981136322021484
0.004000425338745117
0.003000020980834961
0.0020003318786621094
0.0030002593994140625
0.004999876022338867
0.0029997825622558594
0.0060007572174072266
0.003997087478637695
0.003000020980834961
0.003999471664428711
0.0030002593994140625
0.003998994827270508
0.003998279571533203
0.003998994827270508
0.003000497817993164
0.004999399185180664
0.003000020980834961
0.002999544143676758
0.0029997825622558594
0.0039997100830078125
0.0030002593994140625
0.004998683929443359
0.003000020980834961
0.0030002593994140625
0.0029993057250976562
0.0029976367950439453
0.0030007362365722656
0.0039997100830078125
0.003000020980834961
0.003000020980834961
0.0029997825622558594
0.005002260208129883
0.0030012130737304688
0.003002643585205078
0.0029990673065185547
0.004999637603759766
0.003000497817993164
0.003002166748046875
0.0029981136322021484
0.0039980411529541016
0.004000425338745117
0.0030007362365722656
0.003002166748046875
0.0029981136322021484
0.0049991607666015625
0.003000020980834961
0.0030019283294677734
0.003001689910888672
0.0029981136322021484
0.003000020980834961
0.0039997100830078125
0.00400090217590332
0.003998994827270508
0.003000497817993164
0.002999544143676758
0.0030024051666259766
0.0030028820037841797
0.004998207092285156
0.003997802734375
0.0030002593994140625
0.003000974655151367
0.00500178337097168
0.003000974655151367
0.0030024051666259766
0.004000425338745117
0.005000114440917969
0.0029997825622558594
0.0030002593994140625
0.0030002593994140625
0.003000497817993164
0.003000497817993164
0.003000020980834961
0.0029997825622558594
0.003000020980834961
0.00400090217590332
0.0029990673065185547
0.0029985904693603516
0.003999948501586914
0.00500035285949707
0.0030024051666259766
0.0030024051666259766
0.003000974655151367
0.004000425338745117
0.0029997825622558594
0.006000518798828125
0.0030002593994140625
0.0029997825622558594
0.002999544143676758
0.005000114440917969
0.005998849868774414
0.004000425338745117
0.003000497817993164
0.00400090217590332
0.005999326705932617
0.0029985904693603516
0.002998828887939453
0.005001068115234375
0.004001140594482422
0.003999948501586914
0.0030002593994140625
0.0039997100830078125
0.003001689910888672
0.002999544143676758
0.005000591278076172
0.003000974655151367
0.0030002593994140625
0.0030019283294677734
0.0029993057250976562
0.0029973983764648438
0.004000186920166016
0.002999544143676758
0.00400090217590332
0.003999471664428711
0.003000020980834961
0.003000497817993164
0.003997325897216797
0.0029985904693603516
0.003000020980834961
0.003000020980834961
0.0039997100830078125
0.0029997825622558594
0.0029997825622558594
0.0029997825622558594
0.003000020980834961
0.0030002593994140625
0.003000020980834961
0.0029981136322021484
0.003996372222900391
0.0030002593994140625
0.0030002593994140625
0.004000425338745117
0.003000497817993164
0.003000497817993164
0.003998994827270508
0.003000020980834961
0.00400233268737793
0.004001617431640625
0.0029993057250976562
0.0029997825622558594
0.0040018558502197266
0.0039975643157958984
0.0059986114501953125
0.0029990673065185547
0.002997875213623047
0.003999948501586914
0.004999637603759766
0.003000020980834961
0.003999233245849609
0.0039975643157958984
0.0030002593994140625
0.004000186920166016
0.004999637603759766
0.0030002593994140625
0.002997875213623047
0.0029981136322021484
0.00400233268737793
0.0030007362365722656
0.003000497817993164
0.003999471664428711
0.003000020980834961
0.003999948501586914
0.002999544143676758
0.004998445510864258
0.003000020980834961
0.003000020980834961
0.00500035285949707
0.0029997825622558594
0.0030002593994140625
0.003000020980834961
0.0029997825622558594
0.003000020980834961
0.0029997825622558594
0.0039997100830078125
0.003999471664428711
0.004999637603759766
0.0040018558502197266
0.0029997825622558594
0.002999544143676758
0.002999544143676758
0.003999948501586914
0.003000020980834961
0.0029997825622558594
0.003000020980834961
0.003000020980834961
0.0029997825622558594
0.003000020980834961
0.00500035285949707
