0.0479741096496582
0.060810089111328125
0.025883197784423828
0.026417016983032227
0.02651190757751465
0.025599956512451172
0.02553701400756836
0.024766921997070312
0.028435945510864258
0.0254971981048584
0.02651691436767578
0.026123046875
0.06900286674499512
0.003000020980834961
0.003000497817993164
0.0030014514923095703
0.0029997825622558594
0.0029993057250976562
0.0039980411529541016
0.003000020980834961
0.00299835205078125
0.003000020980834961
0.002996683120727539
0.002998828887939453
0.0029997825622558594
0.003999233245849609
0.0029993057250976562
0.0039997100830078125
0.0029997825622558594
0.0029993057250976562
0.002999544143676758
0.004002809524536133
0.002999544143676758
0.0050013065338134766
0.005000114440917969
0.0029997825622558594
0.0030028820037841797
0.0029997825622558594
0.003999233245849609
0.004998922348022461
0.006997585296630859
0.003000497817993164
0.004997968673706055
0.003998756408691406
0.0029976367950439453
0.0029997825622558594
0.0070002079010009766
0.0030002593994140625
0.002999544143676758
0.003000974655151367
0.002999544143676758
0.004999637603759766
0.0029990673065185547
0.002996206283569336
0.0030002593994140625
0.004999876022338867
0.003000020980834961
0.0030002593994140625
0.0029993057250976562
0.004001617431640625
0.003999471664428711
0.00299835205078125
0.00500035285949707
0.0029990673065185547
0.003998994827270508
0.0029997825622558594
0.0030007362365722656
0.0029990673065185547
0.003998279571533203
0.004000186920166016
0.004998445510864258
0.004998922348022461
0.004000663757324219
0.0029976367950439453
0.0029973983764648438
0.003999233245849609
0.0029985904693603516
0.00299835205078125
0.0029976367950439453
0.0029997825622558594
0.004999637603759766
0.0029981136322021484
0.00500035285949707
0.003999471664428711
0.00299835205078125
0.0030007362365722656
0.00500035285949707
0.003999233245849609
0.005000114440917969
0.002999544143676758
0.0030007362365722656
0.003000497817993164
0.0030002593994140625
0.002997875213623047
0.00299835205078125
0.0029993057250976562
0.003000497817993164
0.002999544143676758
0.0029997825622558594
0.00500035285949707
0.0029997825622558594
0.0040013790130615234
0.0030002593994140625
0.0029993057250976562
0.002999544143676758
0.0029997825622558594
0.0029969215393066406
0.00299835205078125
0.004998207092285156
0.003999948501586914
0.002999544143676758
0.003000497817993164
0.003996610641479492
0.004999637603759766
0.0029993057250976562
0.003997325897216797
0.0029997825622558594
0.0029997825622558594
0.004001617431640625
0.002999544143676758
0.00400090217590332
0.0030014514923095703
0.003999471664428711
0.003997325897216797
0.0030002593994140625
0.0029981136322021484
0.001999378204345703
0.003999948501586914
0.005998134613037109
0.006001472473144531
0.00400090217590332
0.0039730072021484375
0.004000663757324219
0.002998828887939453
0.0029976367950439453
0.0029985904693603516
0.0029993057250976562
0.0049974918365478516
0.0029985904693603516
0.00299835205078125
0.00299835205078125
0.003997325897216797
0.002998828887939453
0.0039997100830078125
0.003999471664428711
0.0030014514923095703
0.002998828887939453
0.0029997825622558594
0.003000497817993164
0.003998517990112305
0.0029990673065185547
0.0029997825622558594
0.0029981136322021484
0.004001617431640625
0.005001068115234375
0.0029997825622558594
0.003000020980834961
0.003999948501586914
0.0030012130737304688
0.004030942916870117
0.0029976367950439453
0.003000020980834961
0.003001689910888672
0.0029976367950439453
0.004002571105957031
0.0029981136322021484
0.0030002593994140625
0.003000020980834961
0.003999948501586914
0.003999948501586914
